time  , ex  , ey  , ealpha  , evx ,  evy , eomega  
0.000000  ,  0.000000,  0.000000,  0.000000,  -0.999997,  0.000000,  -0.500000
0.000284  ,  -0.000201,  -0.000201,  -0.000142,  -0.723960,  0.000000,  -0.341703
0.001705  ,  -0.000927,  -0.000928,  -0.000627,  -0.522017,  0.000000,  -0.230491
0.008810  ,  -0.003530,  -0.003552,  -0.002258,  -0.371998,  0.000000,  -0.151727
0.044333  ,  -0.012508,  -0.012929,  -0.007531,  -0.250590,  0.000000,  -0.091331
0.094333  ,  -0.020568,  -0.022108,  -0.011957,  -0.150543,  0.000000,  -0.044813
0.144333  ,  -0.025016,  -0.027959,  -0.014129,  -0.070874,  0.000000,  -0.010775
0.194333  ,  -0.026725,  -0.031025,  -0.014653,  -0.009944,  0.000000,  0.012583
0.244333  ,  -0.026470,  -0.031842,  -0.014045,  0.034335,  0.000000,  0.027213
0.294333  ,  -0.024905,  -0.030927,  -0.012730,  0.064309,  0.000000,  0.035041
0.344333  ,  -0.022558,  -0.028757,  -0.011036,  0.082409,  0.000000,  0.037829
0.394333  ,  -0.019839,  -0.025756,  -0.009206,  0.091018,  0.000000,  0.037105
0.444333  ,  -0.017048,  -0.022287,  -0.007412,  0.092357,  0.000000,  0.034125
0.494333  ,  -0.014390,  -0.018646,  -0.005762,  0.088418,  0.000000,  0.029872
0.544333  ,  -0.011996,  -0.015064,  -0.004317,  0.080918,  0.000000,  0.025080
0.594333  ,  -0.009931,  -0.011709,  -0.003104,  0.071284,  0.000000,  0.020264
0.644333  ,  -0.008220,  -0.008693,  -0.002124,  0.060652,  0.000000,  0.015760
0.694333  ,  -0.006853,  -0.006081,  -0.001362,  0.049891,  0.000000,  0.011766
0.744333  ,  -0.005801,  -0.003897,  -0.000792,  0.039625,  0.000000,  0.008373
0.794333  ,  -0.005022,  -0.002137,  -0.000387,  0.030271,  0.000000,  0.005601
0.844333  ,  -0.004470,  -0.000775,  -0.000116,  0.022073,  0.000000,  0.003420
0.894333  ,  -0.004101,  0.000231,  0.000050,  0.015141,  0.000000,  0.001769
0.944333  ,  -0.003870,  0.000928,  0.000135,  0.009480,  0.000000,  0.000575
0.994333  ,  -0.003741,  0.001370,  0.000163,  0.005022,  0.000000,  -0.000243
1.044333  ,  -0.003682,  0.001606,  0.000152,  0.001652,  0.000000,  -0.000760
1.094333  ,  -0.003669,  0.001685,  0.000115,  -0.000772,  0.000000,  -0.001046
1.144333  ,  -0.003682,  0.001649,  0.000065,  -0.002405,  0.000000,  -0.001163
1.194333  ,  -0.003707,  0.001535,  0.000008,  -0.003396,  0.000000,  -0.001161
1.244333  ,  -0.003735,  0.001372,  -0.000048,  -0.003890,  0.000000,  -0.001081
1.294333  ,  -0.003759,  0.001185,  -0.000100,  -0.004014,  0.000000,  -0.000956
1.344333  ,  -0.003778,  0.000990,  -0.000146,  -0.003876,  0.000000,  -0.000809
1.394333  ,  -0.003789,  0.000802,  -0.000185,  -0.003567,  0.000000,  -0.000657
1.444333  ,  -0.003792,  0.000629,  -0.000217,  -0.003160,  0.000000,  -0.000512
1.494333  ,  -0.003788,  0.000475,  -0.000242,  -0.002709,  0.000000,  -0.000381
1.544333  ,  -0.003779,  0.000343,  -0.000260,  -0.002256,  0.000000,  -0.000268
1.594333  ,  -0.003766,  0.000233,  -0.000273,  -0.001828,  0.000000,  -0.000174
1.644333  ,  -0.003750,  0.000144,  -0.000282,  -0.001442,  0.000000,  -0.000099
1.694333  ,  -0.003732,  0.000074,  -0.000287,  -0.001108,  0.000000,  -0.000041
1.744333  ,  -0.003714,  0.000022,  -0.000289,  -0.000830,  0.000000,  0.000002
1.794333  ,  -0.003695,  -0.000017,  -0.000289,  -0.000606,  0.000000,  0.000031
1.844333  ,  -0.003677,  -0.000045,  -0.000287,  -0.000433,  0.000000,  0.000050
1.894333  ,  -0.003660,  -0.000064,  -0.000285,  -0.000304,  0.000000,  0.000060
1.944333  ,  -0.003644,  -0.000077,  -0.000282,  -0.000214,  0.000000,  0.000064
1.994333  ,  -0.003628,  -0.000085,  -0.000279,  -0.000156,  0.000000,  0.000062
2.044333  ,  -0.003612,  -0.000089,  -0.000276,  -0.000123,  0.000000,  0.000058
2.094333  ,  -0.003598,  -0.000092,  -0.000273,  -0.000110,  0.000000,  0.000051
2.144333  ,  -0.003583,  -0.000094,  -0.000270,  -0.000112,  0.000000,  0.000043
2.194333  ,  -0.003568,  -0.000096,  -0.000268,  -0.000124,  0.000000,  0.000034
2.244333  ,  -0.003554,  -0.000098,  -0.000267,  -0.000144,  0.000000,  0.000026
2.294333  ,  -0.003539,  -0.000100,  -0.000265,  -0.000168,  0.000000,  0.000017
2.344333  ,  -0.003523,  -0.000103,  -0.000265,  -0.000194,  0.000000,  0.000010
2.394333  ,  -0.003507,  -0.000107,  -0.000264,  -0.000221,  0.000000,  0.000002
2.444333  ,  -0.003490,  -0.000112,  -0.000264,  -0.000248,  0.000000,  -0.000004
2.494333  ,  -0.003473,  -0.000118,  -0.000264,  -0.000274,  0.000000,  -0.000010
2.544333  ,  -0.003455,  -0.000124,  -0.000265,  -0.000299,  0.000000,  -0.000015
2.594333  ,  -0.003436,  -0.000131,  -0.000266,  -0.000323,  0.000000,  -0.000019
2.644333  ,  -0.003416,  -0.000138,  -0.000267,  -0.000345,  0.000000,  -0.000023
2.694333  ,  -0.003396,  -0.000146,  -0.000268,  -0.000367,  0.000000,  -0.000027
2.744333  ,  -0.003375,  -0.000154,  -0.000269,  -0.000388,  0.000000,  -0.000030
2.794333  ,  -0.003352,  -0.000163,  -0.000271,  -0.000408,  0.000000,  -0.000033
2.844333  ,  -0.003329,  -0.000172,  -0.000272,  -0.000427,  0.000000,  -0.000036
2.894333  ,  -0.003306,  -0.000180,  -0.000274,  -0.000447,  0.000000,  -0.000038
2.944333  ,  -0.003281,  -0.000189,  -0.000276,  -0.000467,  0.000000,  -0.000041
2.994333  ,  -0.003255,  -0.000198,  -0.000278,  -0.000488,  0.000000,  -0.000043
3.044333  ,  -0.003228,  -0.000208,  -0.000280,  -0.000509,  0.000000,  -0.000046
3.094333  ,  -0.003201,  -0.000217,  -0.000283,  -0.000531,  0.000000,  -0.000048
3.144333  ,  -0.003172,  -0.000226,  -0.000285,  -0.000555,  0.000000,  -0.000051
3.194333  ,  -0.003142,  -0.000235,  -0.000287,  -0.000580,  0.000000,  -0.000053
3.244333  ,  -0.003111,  -0.000244,  -0.000290,  -0.000606,  0.000000,  -0.000055
3.294333  ,  -0.003078,  -0.000254,  -0.000293,  -0.000634,  0.000000,  -0.000057
3.344333  ,  -0.003044,  -0.000263,  -0.000296,  -0.000664,  0.000000,  -0.000060
3.394333  ,  -0.003009,  -0.000272,  -0.000299,  -0.000697,  0.000000,  -0.000062
3.444333  ,  -0.002972,  -0.000281,  -0.000302,  -0.000731,  0.000000,  -0.000064
3.494333  ,  -0.002933,  -0.000290,  -0.000305,  -0.000768,  0.000000,  -0.000066
3.544333  ,  -0.002892,  -0.000299,  -0.000308,  -0.000807,  0.000000,  -0.000067
3.594333  ,  -0.002850,  -0.000308,  -0.000312,  -0.000849,  0.000000,  -0.000068
3.644333  ,  -0.002805,  -0.000317,  -0.000315,  -0.000894,  0.000000,  -0.000069
3.694333  ,  -0.002758,  -0.000326,  -0.000319,  -0.000943,  0.000000,  -0.000070
3.744333  ,  -0.002709,  -0.000335,  -0.000322,  -0.000994,  0.000000,  -0.000069
3.794333  ,  -0.002657,  -0.000343,  -0.000325,  -0.001049,  0.000000,  -0.000068
3.844333  ,  -0.002602,  -0.000351,  -0.000329,  -0.001107,  0.000000,  -0.000066
3.894333  ,  -0.002544,  -0.000359,  -0.000332,  -0.001169,  0.000000,  -0.000063
3.944333  ,  -0.002483,  -0.000366,  -0.000335,  -0.001235,  0.000000,  -0.000058
3.994333  ,  -0.002419,  -0.000373,  -0.000338,  -0.001304,  0.000000,  -0.000052
4.044333  ,  -0.002352,  -0.000379,  -0.000340,  -0.001377,  0.000000,  -0.000044
4.094333  ,  -0.002281,  -0.000385,  -0.000343,  -0.001453,  0.000000,  -0.000034
4.144333  ,  -0.002206,  -0.000390,  -0.000344,  -0.001532,  0.000000,  -0.000021
4.194333  ,  -0.002127,  -0.000394,  -0.000345,  -0.001613,  0.000000,  -0.000006
4.244333  ,  -0.002044,  -0.000397,  -0.000345,  -0.001695,  0.000000,  0.000013
4.294333  ,  -0.001957,  -0.000399,  -0.000344,  -0.001778,  0.000000,  0.000035
4.344333  ,  -0.001866,  -0.000400,  -0.000342,  -0.001859,  0.000000,  0.000060
4.394333  ,  -0.001771,  -0.000399,  -0.000339,  -0.001938,  0.000000,  0.000089
4.444333  ,  -0.001673,  -0.000397,  -0.000334,  -0.002011,  0.000000,  0.000121
4.494333  ,  -0.001571,  -0.000392,  -0.000328,  -0.002077,  0.000000,  0.000156
4.544333  ,  -0.001466,  -0.000386,  -0.000319,  -0.002132,  0.000000,  0.000192
4.594333  ,  -0.001358,  -0.000378,  -0.000310,  -0.002175,  0.000000,  0.000230
4.644333  ,  -0.001249,  -0.000368,  -0.000298,  -0.002203,  0.000000,  0.000268
4.694333  ,  -0.001139,  -0.000356,  -0.000284,  -0.002213,  0.000000,  0.000303
4.744333  ,  -0.001029,  -0.000342,  -0.000269,  -0.002203,  0.000000,  0.000336
4.794333  ,  -0.000920,  -0.000326,  -0.000252,  -0.002174,  0.000000,  0.000363
4.844333  ,  -0.000812,  -0.000308,  -0.000234,  -0.002123,  0.000000,  0.000384
4.894333  ,  -0.000708,  -0.000289,  -0.000214,  -0.002053,  0.000000,  0.000397
4.944333  ,  -0.000608,  -0.000268,  -0.000195,  -0.001963,  0.000000,  0.000403
4.994333  ,  -0.000513,  -0.000246,  -0.000175,  -0.001857,  0.000000,  0.000400
5.044333  ,  -0.000423,  -0.000224,  -0.000155,  -0.001736,  0.000000,  0.000389
5.094333  ,  -0.000340,  -0.000202,  -0.000136,  -0.001604,  0.000000,  0.000371
5.144333  ,  -0.000263,  -0.000180,  -0.000117,  -0.001464,  0.000000,  0.000346
5.194333  ,  -0.000194,  -0.000158,  -0.000100,  -0.001320,  0.000000,  0.000318
5.244333  ,  -0.000132,  -0.000137,  -0.000085,  -0.001174,  0.000000,  0.000285
5.294333  ,  -0.000077,  -0.000117,  -0.000071,  -0.001030,  0.000000,  0.000251
5.344333  ,  -0.000030,  -0.000099,  -0.000058,  -0.000891,  0.000000,  0.000217
5.394333  ,  0.000011,  -0.000083,  -0.000048,  -0.000758,  0.000000,  0.000183
5.444333  ,  0.000045,  -0.000068,  -0.000039,  -0.000633,  0.000000,  0.000151
5.494333  ,  0.000074,  -0.000054,  -0.000031,  -0.000519,  0.000000,  0.000121
5.544333  ,  0.000097,  -0.000043,  -0.000025,  -0.000415,  0.000000,  0.000095
5.594333  ,  0.000115,  -0.000034,  -0.000021,  -0.000323,  0.000000,  0.000071
5.644333  ,  0.000129,  -0.000026,  -0.000017,  -0.000243,  0.000000,  0.000051
5.694333  ,  0.000139,  -0.000019,  -0.000015,  -0.000174,  0.000000,  0.000034
5.744333  ,  0.000146,  -0.000015,  -0.000013,  -0.000117,  0.000000,  0.000021
5.794333  ,  0.000151,  -0.000011,  -0.000012,  -0.000070,  0.000000,  0.000010
5.844333  ,  0.000153,  -0.000009,  -0.000011,  -0.000033,  0.000000,  0.000003
5.894333  ,  0.000154,  -0.000008,  -0.000011,  -0.000005,  0.000000,  -0.000003
5.944333  ,  0.000154,  -0.000007,  -0.000011,  0.000016,  0.000000,  -0.000006
5.994333  ,  0.000153,  -0.000007,  -0.000012,  0.000030,  0.000000,  -0.000008
6.044333  ,  0.000152,  -0.000007,  -0.000012,  0.000039,  0.000000,  -0.000009
6.094333  ,  0.000150,  -0.000008,  -0.000013,  0.000043,  0.000000,  -0.000009
6.144333  ,  0.000148,  -0.000009,  -0.000013,  0.000044,  0.000000,  -0.000008
6.194333  ,  0.000146,  -0.000010,  -0.000013,  0.000042,  0.000000,  -0.000006
6.244333  ,  0.000144,  -0.000011,  -0.000014,  0.000039,  0.000000,  -0.000005
6.294333  ,  0.000142,  -0.000012,  -0.000014,  0.000034,  0.000000,  -0.000003
6.344333  ,  0.000140,  -0.000012,  -0.000014,  0.000028,  0.000000,  -0.000001
6.394333  ,  0.000139,  -0.000013,  -0.000014,  0.000023,  0.000000,  0.000000
6.444333  ,  0.000138,  -0.000013,  -0.000014,  0.000017,  0.000000,  0.000002
6.494333  ,  0.000137,  -0.000013,  -0.000014,  0.000012,  0.000000,  0.000003
6.544333  ,  0.000136,  -0.000013,  -0.000014,  0.000008,  0.000000,  0.000004
6.594333  ,  0.000135,  -0.000013,  -0.000014,  0.000004,  0.000000,  0.000005
6.644333  ,  0.000134,  -0.000013,  -0.000013,  0.000000,  0.000000,  0.000005
6.694333  ,  0.000134,  -0.000013,  -0.000013,  -0.000002,  0.000000,  0.000006
6.744333  ,  0.000133,  -0.000012,  -0.000013,  -0.000004,  0.000000,  0.000006
6.794333  ,  0.000133,  -0.000012,  -0.000013,  -0.000006,  0.000000,  0.000006
6.844333  ,  0.000132,  -0.000011,  -0.000012,  -0.000007,  0.000000,  0.000006
6.894333  ,  0.000132,  -0.000011,  -0.000012,  -0.000008,  0.000000,  0.000006
6.944333  ,  0.000132,  -0.000010,  -0.000012,  -0.000008,  0.000000,  0.000005
6.994333  ,  0.000131,  -0.000009,  -0.000011,  -0.000008,  0.000000,  0.000005
7.044333  ,  0.000131,  -0.000009,  -0.000011,  -0.000008,  0.000000,  0.000005
7.094333  ,  0.000131,  -0.000008,  -0.000011,  -0.000008,  0.000000,  0.000004
7.144333  ,  0.000130,  -0.000008,  -0.000011,  -0.000008,  0.000000,  0.000004
7.194333  ,  0.000130,  -0.000007,  -0.000011,  -0.000008,  0.000000,  0.000004
7.244333  ,  0.000130,  -0.000007,  -0.000010,  -0.000007,  0.000000,  0.000003
7.294333  ,  0.000129,  -0.000006,  -0.000010,  -0.000007,  0.000000,  0.000003
7.344333  ,  0.000129,  -0.000006,  -0.000010,  -0.000007,  0.000000,  0.000003
7.394333  ,  0.000128,  -0.000005,  -0.000010,  -0.000007,  0.000000,  0.000003
7.444333  ,  0.000128,  -0.000005,  -0.000010,  -0.000006,  0.000000,  0.000002
7.494333  ,  0.000128,  -0.000004,  -0.000010,  -0.000006,  0.000000,  0.000002
7.544333  ,  0.000127,  -0.000004,  -0.000010,  -0.000006,  0.000000,  0.000002
7.594333  ,  0.000127,  -0.000004,  -0.000009,  -0.000006,  0.000000,  0.000002
7.644333  ,  0.000126,  -0.000003,  -0.000009,  -0.000006,  0.000000,  0.000002
7.694333  ,  0.000126,  -0.000003,  -0.000009,  -0.000006,  0.000000,  0.000002
7.744333  ,  0.000125,  -0.000002,  -0.000009,  -0.000006,  0.000000,  0.000001
7.794333  ,  0.000125,  -0.000002,  -0.000009,  -0.000006,  0.000000,  0.000001
7.844333  ,  0.000125,  -0.000002,  -0.000009,  -0.000006,  0.000000,  0.000001
7.894333  ,  0.000124,  -0.000002,  -0.000009,  -0.000007,  0.000000,  0.000001
7.944333  ,  0.000124,  -0.000001,  -0.000009,  -0.000007,  0.000000,  0.000001
7.994333  ,  0.000123,  -0.000001,  -0.000009,  -0.000007,  0.000000,  0.000001
8.044333  ,  0.000123,  -0.000001,  -0.000009,  -0.000007,  0.000000,  0.000001
8.094333  ,  0.000122,  -0.000000,  -0.000009,  -0.000007,  0.000000,  0.000001
8.144333  ,  0.000122,  0.000000,  -0.000009,  -0.000007,  0.000000,  0.000001
8.194333  ,  0.000121,  0.000000,  -0.000009,  -0.000008,  0.000000,  0.000001
8.244333  ,  0.000121,  0.000001,  -0.000009,  -0.000008,  0.000000,  0.000000
8.294333  ,  0.000120,  0.000001,  -0.000009,  -0.000008,  0.000000,  0.000000
8.344333  ,  0.000120,  0.000001,  -0.000009,  -0.000008,  0.000000,  0.000000
8.394333  ,  0.000119,  0.000002,  -0.000009,  -0.000009,  0.000000,  0.000000
8.444333  ,  0.000119,  0.000002,  -0.000009,  -0.000009,  0.000000,  0.000000
8.494333  ,  0.000118,  0.000002,  -0.000009,  -0.000009,  0.000000,  -0.000000
8.544333  ,  0.000118,  0.000002,  -0.000009,  -0.000009,  0.000000,  -0.000000
8.594333  ,  0.000117,  0.000003,  -0.000009,  -0.000010,  0.000000,  -0.000000
8.644333  ,  0.000116,  0.000003,  -0.000009,  -0.000010,  0.000000,  -0.000000
8.694333  ,  0.000116,  0.000003,  -0.000009,  -0.000010,  0.000000,  -0.000000
8.744333  ,  0.000115,  0.000004,  -0.000009,  -0.000011,  0.000000,  -0.000000
8.794333  ,  0.000115,  0.000004,  -0.000009,  -0.000011,  0.000000,  -0.000001
8.844333  ,  0.000114,  0.000004,  -0.000009,  -0.000011,  0.000000,  -0.000001
8.894333  ,  0.000113,  0.000004,  -0.000009,  -0.000012,  0.000000,  -0.000001
8.944333  ,  0.000113,  0.000005,  -0.000009,  -0.000012,  0.000000,  -0.000001
8.994333  ,  0.000112,  0.000005,  -0.000009,  -0.000013,  0.000000,  -0.000001
9.044333  ,  0.000111,  0.000005,  -0.000009,  -0.000013,  0.000000,  -0.000001
9.094333  ,  0.000110,  0.000006,  -0.000009,  -0.000014,  0.000000,  -0.000001
9.144333  ,  0.000110,  0.000006,  -0.000009,  -0.000014,  0.000000,  -0.000001
9.194333  ,  0.000109,  0.000006,  -0.000009,  -0.000015,  0.000000,  -0.000001
9.244333  ,  0.000108,  0.000006,  -0.000009,  -0.000015,  0.000000,  -0.000001
9.294333  ,  0.000107,  0.000007,  -0.000009,  -0.000016,  0.000000,  -0.000001
9.344333  ,  0.000106,  0.000007,  -0.000009,  -0.000017,  0.000000,  -0.000001
9.394333  ,  0.000105,  0.000007,  -0.000009,  -0.000018,  0.000000,  -0.000002
9.444333  ,  0.000104,  0.000008,  -0.000009,  -0.000018,  0.000000,  -0.000002
9.494333  ,  0.000103,  0.000008,  -0.000010,  -0.000019,  0.000000,  -0.000002
9.544333  ,  0.000102,  0.000008,  -0.000010,  -0.000020,  0.000000,  -0.000002
9.594333  ,  0.000101,  0.000008,  -0.000010,  -0.000021,  0.000000,  -0.000002
9.644333  ,  0.000100,  0.000009,  -0.000010,  -0.000022,  0.000000,  -0.000002
9.694333  ,  0.000099,  0.000009,  -0.000010,  -0.000023,  0.000000,  -0.000002
9.744333  ,  0.000098,  0.000009,  -0.000010,  -0.000024,  0.000000,  -0.000002
9.794333  ,  0.000096,  0.000010,  -0.000010,  -0.000026,  0.000000,  -0.000002
9.844333  ,  0.000095,  0.000010,  -0.000010,  -0.000027,  0.000000,  -0.000002
9.894333  ,  0.000094,  0.000010,  -0.000010,  -0.000029,  0.000000,  -0.000002
9.944333  ,  0.000092,  0.000011,  -0.000010,  -0.000030,  0.000000,  -0.000002
9.994333  ,  0.000091,  0.000011,  -0.000011,  -0.000032,  0.000000,  -0.000002
10.044333  ,  0.000089,  0.000011,  -0.000011,  -0.000033,  0.000000,  -0.000002
10.094333  ,  0.000087,  0.000011,  -0.000011,  -0.000035,  0.000000,  -0.000002
10.144333  ,  0.000085,  0.000012,  -0.000011,  -0.000037,  0.000000,  -0.000002
10.194333  ,  0.000083,  0.000012,  -0.000011,  -0.000039,  0.000000,  -0.000002
10.244333  ,  0.000081,  0.000012,  -0.000011,  -0.000042,  0.000000,  -0.000002
10.294333  ,  0.000079,  0.000012,  -0.000011,  -0.000044,  0.000000,  -0.000002
10.344333  ,  0.000077,  0.000013,  -0.000011,  -0.000046,  0.000000,  -0.000001
10.394333  ,  0.000074,  0.000013,  -0.000011,  -0.000049,  0.000000,  -0.000001
10.444333  ,  0.000072,  0.000013,  -0.000011,  -0.000052,  0.000000,  -0.000001
10.494333  ,  0.000069,  0.000013,  -0.000011,  -0.000054,  0.000000,  0.000000
10.544333  ,  0.000067,  0.000013,  -0.000011,  -0.000057,  0.000000,  0.000001
10.594333  ,  0.000064,  0.000013,  -0.000011,  -0.000060,  0.000000,  0.000001
10.644333  ,  0.000061,  0.000013,  -0.000011,  -0.000062,  0.000000,  0.000002
10.694333  ,  0.000057,  0.000013,  -0.000011,  -0.000065,  0.000000,  0.000003
10.744333  ,  0.000054,  0.000013,  -0.000011,  -0.000067,  0.000000,  0.000004
10.794333  ,  0.000051,  0.000013,  -0.000011,  -0.000069,  0.000000,  0.000006
10.844333  ,  0.000047,  0.000013,  -0.000010,  -0.000071,  0.000000,  0.000007
10.894333  ,  0.000044,  0.000012,  -0.000010,  -0.000072,  0.000000,  0.000008
10.944333  ,  0.000040,  0.000012,  -0.000010,  -0.000073,  0.000000,  0.000009
10.994333  ,  0.000036,  0.000012,  -0.000009,  -0.000073,  0.000000,  0.000010
11.044333  ,  0.000033,  0.000011,  -0.000009,  -0.000072,  0.000000,  0.000011
11.094333  ,  0.000029,  0.000011,  -0.000008,  -0.000071,  0.000000,  0.000012
11.144333  ,  0.000026,  0.000010,  -0.000007,  -0.000069,  0.000000,  0.000013
11.194333  ,  0.000022,  0.000009,  -0.000007,  -0.000067,  0.000000,  0.000013
11.244333  ,  0.000019,  0.000009,  -0.000006,  -0.000064,  0.000000,  0.000013
11.294333  ,  0.000016,  0.000008,  -0.000006,  -0.000060,  0.000000,  0.000013
11.344333  ,  0.000013,  0.000007,  -0.000005,  -0.000056,  0.000000,  0.000013
11.394333  ,  0.000010,  0.000006,  -0.000004,  -0.000051,  0.000000,  0.000012
11.444333  ,  0.000008,  0.000006,  -0.000004,  -0.000047,  0.000000,  0.000011
11.494333  ,  0.000006,  0.000005,  -0.000003,  -0.000042,  0.000000,  0.000010
11.544333  ,  0.000004,  0.000004,  -0.000003,  -0.000037,  0.000000,  0.000009
11.594333  ,  0.000002,  0.000004,  -0.000002,  -0.000032,  0.000000,  0.000008
11.644333  ,  0.000001,  0.000003,  -0.000002,  -0.000028,  0.000000,  0.000007
11.694333  ,  -0.000001,  0.000003,  -0.000001,  -0.000024,  0.000000,  0.000006
11.744333  ,  -0.000002,  0.000002,  -0.000001,  -0.000020,  0.000000,  0.000005
11.794333  ,  -0.000003,  0.000002,  -0.000001,  -0.000016,  0.000000,  0.000004
11.844333  ,  -0.000003,  0.000001,  -0.000001,  -0.000013,  0.000000,  0.000003
11.894333  ,  -0.000004,  0.000001,  -0.000001,  -0.000010,  0.000000,  0.000002
11.944333  ,  -0.000004,  0.000001,  -0.000001,  -0.000007,  0.000000,  0.000001
11.994333  ,  -0.000005,  0.000001,  -0.000000,  -0.000005,  0.000000,  0.000001
12.044333  ,  -0.000005,  0.000000,  -0.000000,  -0.000003,  0.000000,  0.000001
12.094333  ,  -0.000005,  0.000000,  -0.000000,  -0.000002,  0.000000,  0.000000
12.144333  ,  -0.000005,  0.000000,  -0.000000,  -0.000001,  0.000000,  0.000000
12.194333  ,  -0.000005,  0.000000,  -0.000000,  0.000000,  0.000000,  -0.000000
12.244333  ,  -0.000005,  0.000000,  -0.000000,  0.000001,  0.000000,  -0.000000
12.294333  ,  -0.000005,  0.000000,  -0.000000,  0.000001,  0.000000,  -0.000000
12.344333  ,  -0.000005,  0.000000,  -0.000000,  0.000001,  0.000000,  -0.000000
12.394333  ,  -0.000005,  0.000000,  -0.000000,  0.000001,  0.000000,  -0.000000
12.444333  ,  -0.000005,  0.000000,  -0.000000,  0.000001,  0.000000,  -0.000000
12.494333  ,  -0.000005,  0.000000,  -0.000000,  0.000001,  0.000000,  -0.000000
12.544333  ,  -0.000005,  0.000000,  -0.000000,  0.000001,  0.000000,  -0.000000
12.594333  ,  -0.000005,  0.000000,  -0.000000,  0.000001,  0.000000,  -0.000000
12.644333  ,  -0.000005,  0.000000,  -0.000000,  0.000001,  0.000000,  -0.000000
12.694333  ,  -0.000005,  0.000000,  -0.000000,  0.000001,  0.000000,  0.000000
12.744333  ,  -0.000005,  0.000000,  -0.000000,  0.000001,  0.000000,  0.000000
12.794333  ,  -0.000004,  0.000000,  -0.000000,  0.000000,  0.000000,  0.000000
12.844333  ,  -0.000004,  0.000000,  -0.000000,  0.000000,  0.000000,  0.000000
12.894333  ,  -0.000004,  0.000000,  -0.000000,  0.000000,  0.000000,  0.000000
12.944333  ,  -0.000004,  0.000000,  -0.000000,  -0.000000,  0.000000,  0.000000
12.994333  ,  -0.000004,  0.000000,  -0.000000,  -0.000000,  0.000000,  0.000000
13.044333  ,  -0.000004,  0.000000,  -0.000000,  -0.000000,  0.000000,  0.000000
13.094333  ,  -0.000004,  0.000000,  -0.000000,  -0.000000,  0.000000,  0.000000
13.144333  ,  -0.000004,  0.000000,  -0.000000,  -0.000000,  0.000000,  0.000000
13.194333  ,  -0.000004,  0.000000,  -0.000000,  -0.000000,  0.000000,  0.000000
13.244333  ,  -0.000004,  0.000000,  -0.000000,  -0.000000,  0.000000,  0.000000
13.294333  ,  -0.000004,  0.000000,  -0.000000,  -0.000000,  0.000000,  0.000000
13.344333  ,  -0.000004,  0.000000,  -0.000000,  -0.000000,  0.000000,  0.000000
13.394333  ,  -0.000004,  0.000000,  -0.000000,  -0.000000,  0.000000,  0.000000
13.444333  ,  -0.000004,  0.000000,  -0.000000,  -0.000000,  0.000000,  0.000000
13.494333  ,  -0.000004,  0.000000,  -0.000000,  -0.000000,  0.000000,  0.000000
13.544333  ,  -0.000004,  0.000000,  -0.000000,  -0.000000,  0.000000,  0.000000
13.594333  ,  -0.000004,  0.000000,  -0.000000,  -0.000000,  0.000000,  0.000000
13.644333  ,  -0.000004,  0.000000,  -0.000000,  -0.000000,  0.000000,  0.000000
13.694333  ,  -0.000004,  0.000000,  -0.000000,  -0.000000,  0.000000,  0.000000
13.744333  ,  -0.000004,  0.000000,  -0.000000,  -0.000000,  0.000000,  0.000000
13.794333  ,  -0.000004,  0.000000,  -0.000000,  -0.000000,  0.000000,  0.000000
13.844333  ,  -0.000004,  0.000000,  -0.000000,  -0.000000,  0.000000,  0.000000
13.894333  ,  -0.000004,  0.000000,  -0.000000,  -0.000000,  0.000000,  0.000000
13.944333  ,  -0.000004,  0.000000,  -0.000000,  -0.000000,  0.000000,  0.000000
13.994333  ,  -0.000004,  0.000000,  -0.000000,  -0.000000,  0.000000,  0.000000
14.044333  ,  -0.000004,  0.000000,  -0.000000,  -0.000000,  0.000000,  0.000000
14.094333  ,  -0.000004,  0.000000,  -0.000000,  -0.000000,  0.000000,  0.000000
14.144333  ,  -0.000004,  0.000000,  -0.000000,  -0.000000,  0.000000,  0.000000
14.194333  ,  -0.000004,  0.000000,  -0.000000,  -0.000000,  0.000000,  0.000000
14.244333  ,  -0.000004,  0.000000,  -0.000000,  -0.000000,  0.000000,  0.000000
14.294333  ,  -0.000004,  0.000000,  -0.000000,  -0.000000,  0.000000,  0.000000
14.344333  ,  -0.000004,  0.000000,  -0.000000,  -0.000000,  0.000000,  0.000000
14.394333  ,  -0.000004,  0.000000,  -0.000000,  -0.000000,  0.000000,  0.000000
14.444333  ,  -0.000004,  -0.000000,  -0.000000,  -0.000000,  0.000000,  0.000000
14.494333  ,  -0.000004,  -0.000000,  -0.000000,  -0.000000,  0.000000,  0.000000
14.544333  ,  -0.000004,  -0.000000,  -0.000000,  -0.000000,  0.000000,  0.000000
14.594333  ,  -0.000004,  -0.000000,  -0.000000,  -0.000000,  0.000000,  0.000000
14.644333  ,  -0.000004,  -0.000000,  -0.000000,  -0.000000,  0.000000,  0.000000
14.694333  ,  -0.000004,  -0.000000,  -0.000000,  -0.000000,  0.000000,  0.000000
14.744333  ,  -0.000004,  -0.000000,  -0.000000,  -0.000000,  0.000000,  0.000000
14.794333  ,  -0.000004,  -0.000000,  -0.000000,  -0.000000,  0.000000,  -0.000000
14.844333  ,  -0.000004,  -0.000000,  -0.000000,  -0.000000,  0.000000,  -0.000000
14.894333  ,  -0.000004,  -0.000000,  -0.000000,  -0.000000,  0.000000,  -0.000000
14.944333  ,  -0.000004,  -0.000000,  -0.000000,  -0.000000,  0.000000,  -0.000000
14.994333  ,  -0.000004,  -0.000000,  -0.000000,  -0.000000,  0.000000,  -0.000000
15.044333  ,  -0.000004,  -0.000000,  -0.000000,  -0.000000,  0.000000,  -0.000000
15.094333  ,  -0.000004,  -0.000000,  -0.000000,  -0.000000,  0.000000,  -0.000000
15.144333  ,  -0.000004,  -0.000000,  -0.000000,  -0.000000,  0.000000,  -0.000000
15.194333  ,  -0.000004,  -0.000000,  -0.000000,  -0.000000,  0.000000,  -0.000000
15.244333  ,  -0.000004,  -0.000000,  -0.000000,  -0.000000,  0.000000,  -0.000000
15.294333  ,  -0.000004,  -0.000000,  -0.000000,  -0.000000,  0.000000,  -0.000000
15.344333  ,  -0.000004,  -0.000000,  -0.000000,  -0.000000,  0.000000,  -0.000000
15.394333  ,  -0.000004,  -0.000000,  -0.000000,  -0.000000,  0.000000,  -0.000000
15.444333  ,  -0.000004,  -0.000000,  -0.000000,  -0.000000,  0.000000,  -0.000000
15.494333  ,  -0.000004,  -0.000000,  -0.000000,  -0.000000,  0.000000,  -0.000000
15.544333  ,  -0.000004,  -0.000000,  -0.000000,  -0.000001,  0.000000,  -0.000000
15.594333  ,  -0.000004,  -0.000000,  -0.000000,  -0.000001,  0.000000,  -0.000000
15.644333  ,  -0.000003,  -0.000000,  -0.000000,  -0.000001,  0.000000,  -0.000000
15.694333  ,  -0.000003,  -0.000000,  -0.000000,  -0.000001,  0.000000,  -0.000000
15.744333  ,  -0.000003,  -0.000000,  -0.000000,  -0.000001,  0.000000,  -0.000000
15.794333  ,  -0.000003,  -0.000000,  -0.000000,  -0.000001,  0.000000,  -0.000000
15.844333  ,  -0.000003,  -0.000000,  -0.000000,  -0.000001,  0.000000,  -0.000000
15.894333  ,  -0.000003,  -0.000000,  -0.000000,  -0.000001,  0.000000,  -0.000000
15.944333  ,  -0.000003,  -0.000000,  -0.000000,  -0.000001,  0.000000,  -0.000000
15.994333  ,  -0.000003,  -0.000000,  -0.000000,  -0.000001,  0.000000,  -0.000000
16.044333  ,  -0.000003,  -0.000000,  -0.000000,  -0.000001,  0.000000,  -0.000000
16.094333  ,  -0.000003,  -0.000000,  -0.000000,  -0.000001,  0.000000,  -0.000000
16.144333  ,  -0.000003,  -0.000000,  -0.000000,  -0.000001,  0.000000,  -0.000000
16.194333  ,  -0.000003,  -0.000000,  -0.000000,  -0.000001,  0.000000,  -0.000000
16.244333  ,  -0.000003,  -0.000000,  -0.000000,  -0.000001,  0.000000,  -0.000000
16.294333  ,  -0.000003,  -0.000000,  -0.000000,  -0.000001,  0.000000,  -0.000000
16.344333  ,  -0.000003,  -0.000000,  -0.000000,  -0.000001,  0.000000,  -0.000000
16.394333  ,  -0.000003,  -0.000000,  -0.000000,  -0.000001,  0.000000,  -0.000000
16.444333  ,  -0.000003,  -0.000000,  -0.000000,  -0.000001,  0.000000,  -0.000000
16.494333  ,  -0.000003,  -0.000000,  -0.000000,  -0.000001,  0.000000,  -0.000000
16.544333  ,  -0.000003,  -0.000000,  -0.000000,  -0.000001,  0.000000,  -0.000000
16.594333  ,  -0.000003,  -0.000000,  -0.000000,  -0.000001,  0.000000,  -0.000000
16.644333  ,  -0.000002,  -0.000000,  -0.000000,  -0.000002,  0.000000,  -0.000000
16.694333  ,  -0.000002,  -0.000000,  -0.000000,  -0.000002,  0.000000,  -0.000000
16.744333  ,  -0.000002,  -0.000000,  -0.000000,  -0.000002,  0.000000,  -0.000000
16.794333  ,  -0.000002,  -0.000000,  -0.000000,  -0.000002,  0.000000,  0.000000
16.844333  ,  -0.000002,  -0.000000,  -0.000000,  -0.000002,  0.000000,  0.000000
16.894333  ,  -0.000002,  -0.000000,  -0.000000,  -0.000002,  0.000000,  0.000000
16.944333  ,  -0.000002,  -0.000000,  -0.000000,  -0.000002,  0.000000,  0.000000
16.994333  ,  -0.000002,  -0.000000,  -0.000000,  -0.000002,  0.000000,  0.000000
17.044333  ,  -0.000002,  -0.000000,  -0.000000,  -0.000002,  0.000000,  0.000000
17.094333  ,  -0.000002,  -0.000000,  -0.000000,  -0.000002,  0.000000,  0.000000
17.144333  ,  -0.000002,  -0.000000,  -0.000000,  -0.000002,  0.000000,  0.000000
17.194333  ,  -0.000001,  -0.000000,  -0.000000,  -0.000002,  0.000000,  0.000000
17.244333  ,  -0.000001,  -0.000000,  -0.000000,  -0.000002,  0.000000,  0.000000
17.294333  ,  -0.000001,  -0.000000,  -0.000000,  -0.000002,  0.000000,  0.000000
17.344333  ,  -0.000001,  -0.000000,  -0.000000,  -0.000002,  0.000000,  0.000000
17.394333  ,  -0.000001,  -0.000000,  -0.000000,  -0.000002,  0.000000,  0.000000
17.444333  ,  -0.000001,  -0.000000,  -0.000000,  -0.000002,  0.000000,  0.000000
17.494333  ,  -0.000001,  -0.000000,  -0.000000,  -0.000002,  0.000000,  0.000000
17.544333  ,  -0.000001,  -0.000000,  -0.000000,  -0.000002,  0.000000,  0.000000
17.594333  ,  -0.000000,  -0.000000,  -0.000000,  -0.000002,  0.000000,  0.000000
17.644333  ,  -0.000000,  -0.000000,  -0.000000,  -0.000002,  0.000000,  0.000000
17.694333  ,  -0.000000,  -0.000000,  -0.000000,  -0.000002,  0.000000,  0.000000
17.744333  ,  -0.000000,  -0.000000,  -0.000000,  -0.000001,  0.000000,  0.000000
17.794333  ,  -0.000000,  -0.000000,  -0.000000,  -0.000001,  0.000000,  0.000000
17.844333  ,  -0.000000,  -0.000000,  -0.000000,  -0.000001,  0.000000,  0.000000
17.894333  ,  -0.000000,  -0.000000,  -0.000000,  -0.000001,  0.000000,  0.000000
17.944333  ,  0.000000,  -0.000000,  -0.000000,  -0.000001,  0.000000,  0.000000
17.994333  ,  0.000000,  -0.000000,  -0.000000,  -0.000001,  0.000000,  0.000000
18.044333  ,  0.000000,  -0.000000,  -0.000000,  -0.000001,  0.000000,  0.000000
18.094333  ,  0.000000,  -0.000000,  -0.000000,  -0.000000,  0.000000,  0.000000
18.144333  ,  0.000000,  -0.000000,  -0.000000,  -0.000000,  0.000000,  0.000000
18.194333  ,  0.000000,  -0.000000,  -0.000000,  -0.000000,  0.000000,  0.000000
18.244333  ,  0.000000,  -0.000000,  -0.000000,  -0.000000,  0.000000,  0.000000
18.294333  ,  0.000000,  -0.000000,  -0.000000,  -0.000000,  0.000000,  0.000000
18.344333  ,  0.000000,  -0.000000,  -0.000000,  -0.000000,  0.000000,  0.000000
18.394333  ,  0.000000,  -0.000000,  -0.000000,  -0.000000,  0.000000,  0.000000
18.444333  ,  0.000000,  -0.000000,  -0.000000,  -0.000000,  0.000000,  -0.000000
18.494333  ,  0.000000,  -0.000000,  -0.000000,  0.000000,  0.000000,  -0.000000
18.544333  ,  0.000000,  -0.000000,  -0.000000,  0.000000,  0.000000,  -0.000000
18.594333  ,  0.000000,  -0.000000,  -0.000000,  0.000000,  0.000000,  -0.000000
18.644333  ,  0.000000,  -0.000000,  -0.000000,  0.000000,  0.000000,  -0.000000
18.694333  ,  0.000000,  -0.000000,  -0.000000,  0.000000,  0.000000,  -0.000000
18.744333  ,  0.000000,  -0.000000,  -0.000000,  0.000000,  0.000000,  -0.000000
18.794333  ,  0.000000,  -0.000000,  -0.000000,  0.000000,  0.000000,  -0.000000
18.844333  ,  0.000000,  -0.000000,  -0.000000,  0.000000,  0.000000,  -0.000000
18.894333  ,  0.000000,  -0.000000,  -0.000000,  0.000000,  0.000000,  -0.000000
18.944333  ,  0.000000,  -0.000000,  -0.000000,  0.000000,  0.000000,  -0.000000
18.994333  ,  0.000000,  -0.000000,  -0.000000,  0.000000,  0.000000,  0.000000
19.044333  ,  0.000000,  -0.000000,  -0.000000,  0.000000,  0.000000,  0.000000
19.094333  ,  0.000000,  -0.000000,  -0.000000,  0.000000,  0.000000,  0.000000
19.144333  ,  0.000000,  -0.000000,  -0.000000,  0.000000,  0.000000,  0.000000
19.194333  ,  0.000000,  -0.000000,  -0.000000,  0.000000,  0.000000,  0.000000
19.244333  ,  0.000000,  -0.000000,  -0.000000,  -0.000000,  0.000000,  0.000000
19.294333  ,  0.000000,  -0.000000,  -0.000000,  -0.000000,  0.000000,  0.000000
19.344333  ,  0.000000,  -0.000000,  -0.000000,  -0.000000,  0.000000,  0.000000
19.394333  ,  0.000000,  -0.000000,  -0.000000,  -0.000000,  0.000000,  0.000000
19.444333  ,  0.000000,  -0.000000,  -0.000000,  -0.000000,  0.000000,  0.000000
19.494333  ,  0.000000,  -0.000000,  -0.000000,  -0.000000,  0.000000,  0.000000
19.544333  ,  0.000000,  -0.000000,  -0.000000,  -0.000000,  0.000000,  0.000000
19.594333  ,  0.000000,  -0.000000,  -0.000000,  -0.000000,  0.000000,  0.000000
19.644333  ,  0.000000,  -0.000000,  -0.000000,  -0.000000,  0.000000,  0.000000
19.694333  ,  0.000000,  -0.000000,  -0.000000,  -0.000000,  0.000000,  0.000000
19.744333  ,  0.000000,  -0.000000,  -0.000000,  -0.000000,  0.000000,  0.000000
19.794333  ,  0.000000,  -0.000000,  -0.000000,  -0.000000,  0.000000,  0.000000
19.844333  ,  0.000000,  -0.000000,  -0.000000,  -0.000000,  0.000000,  0.000000
19.894333  ,  0.000000,  -0.000000,  -0.000000,  -0.000000,  0.000000,  0.000000
19.944333  ,  0.000000,  -0.000000,  -0.000000,  -0.000000,  0.000000,  0.000000
19.994333  ,  0.000000,  -0.000000,  -0.000000,  -0.000000,  0.000000,  0.000000
20.044333  ,  0.000000,  -0.000000,  -0.000000,  -0.000000,  0.000000,  0.000000
20.094333  ,  0.000000,  -0.000000,  -0.000000,  -0.000000,  0.000000,  0.000000
20.144333  ,  0.000000,  -0.000000,  -0.000000,  -0.000000,  0.000000,  0.000000
20.194333  ,  0.000000,  -0.000000,  -0.000000,  -0.000000,  0.000000,  0.000000
20.244333  ,  0.000000,  -0.000000,  -0.000000,  -0.000000,  0.000000,  0.000000
20.294333  ,  0.000000,  -0.000000,  -0.000000,  -0.000000,  0.000000,  0.000000
20.344333  ,  0.000000,  -0.000000,  -0.000000,  -0.000000,  0.000000,  0.000000
20.394333  ,  0.000000,  -0.000000,  -0.000000,  -0.000000,  0.000000,  0.000000
20.444333  ,  0.000000,  -0.000000,  -0.000000,  -0.000000,  0.000000,  0.000000
20.494333  ,  0.000000,  -0.000000,  -0.000000,  -0.000000,  0.000000,  0.000000
20.544333  ,  0.000000,  -0.000000,  -0.000000,  -0.000000,  0.000000,  0.000000
20.594333  ,  0.000000,  -0.000000,  -0.000000,  -0.000000,  0.000000,  0.000000
20.644333  ,  0.000000,  -0.000000,  -0.000000,  -0.000000,  0.000000,  0.000000
20.694333  ,  0.000000,  -0.000000,  -0.000000,  -0.000000,  0.000000,  0.000000
20.744333  ,  0.000000,  -0.000000,  -0.000000,  -0.000000,  0.000000,  0.000000
20.794333  ,  0.000000,  0.000000,  -0.000000,  -0.000000,  0.000000,  0.000000
20.844333  ,  0.000000,  0.000000,  -0.000000,  -0.000000,  0.000000,  0.000000
20.894333  ,  0.000000,  0.000000,  -0.000000,  -0.000000,  0.000000,  0.000000
20.944333  ,  0.000000,  0.000000,  -0.000000,  -0.000000,  0.000000,  -0.000000
20.994333  ,  0.000000,  0.000000,  -0.000000,  -0.000000,  0.000000,  -0.000000
21.044333  ,  0.000000,  0.000000,  -0.000000,  -0.000000,  0.000000,  -0.000000
21.094333  ,  0.000000,  0.000000,  -0.000000,  -0.000000,  0.000000,  -0.000000
21.144333  ,  0.000000,  0.000000,  -0.000000,  -0.000000,  0.000000,  -0.000000
21.194333  ,  0.000000,  0.000000,  -0.000000,  -0.000000,  0.000000,  -0.000000
21.244333  ,  0.000000,  0.000000,  -0.000000,  -0.000000,  0.000000,  -0.000000
21.294333  ,  0.000000,  0.000000,  -0.000000,  -0.000000,  0.000000,  -0.000000
21.344333  ,  0.000000,  0.000000,  -0.000000,  -0.000000,  0.000000,  -0.000000
21.394333  ,  0.000000,  0.000000,  -0.000000,  -0.000000,  0.000000,  -0.000000
21.444333  ,  0.000000,  0.000000,  -0.000000,  -0.000000,  0.000000,  -0.000000
21.494333  ,  0.000000,  0.000000,  -0.000000,  -0.000000,  0.000000,  -0.000000
21.544333  ,  0.000000,  0.000000,  -0.000000,  -0.000000,  0.000000,  -0.000000
21.594333  ,  0.000000,  0.000000,  -0.000000,  -0.000000,  0.000000,  -0.000000
21.644333  ,  0.000000,  0.000000,  -0.000000,  -0.000000,  0.000000,  -0.000000
21.694333  ,  0.000000,  0.000000,  -0.000000,  -0.000000,  0.000000,  -0.000000
21.744333  ,  0.000000,  0.000000,  -0.000000,  -0.000000,  0.000000,  -0.000000
21.794333  ,  0.000000,  0.000000,  -0.000000,  -0.000000,  0.000000,  -0.000000
21.844333  ,  0.000000,  0.000000,  -0.000000,  -0.000000,  0.000000,  -0.000000
21.894333  ,  0.000000,  0.000000,  -0.000000,  -0.000000,  0.000000,  -0.000000
21.944333  ,  0.000000,  0.000000,  -0.000000,  -0.000000,  0.000000,  -0.000000
21.994333  ,  0.000000,  0.000000,  -0.000000,  -0.000000,  0.000000,  -0.000000
22.044333  ,  0.000000,  0.000000,  -0.000000,  -0.000000,  0.000000,  -0.000000
22.094333  ,  0.000000,  0.000000,  -0.000000,  -0.000000,  0.000000,  -0.000000
22.144333  ,  0.000000,  0.000000,  -0.000000,  -0.000000,  0.000000,  -0.000000
22.194333  ,  0.000000,  0.000000,  -0.000000,  -0.000000,  0.000000,  -0.000000
22.244333  ,  0.000000,  0.000000,  -0.000000,  -0.000000,  0.000000,  -0.000000
22.294333  ,  0.000000,  0.000000,  -0.000000,  -0.000000,  0.000000,  -0.000000
22.344333  ,  0.000000,  0.000000,  -0.000000,  -0.000000,  0.000000,  -0.000000
22.394333  ,  0.000000,  0.000000,  -0.000000,  -0.000000,  0.000000,  -0.000000
22.444333  ,  0.000000,  0.000000,  -0.000000,  -0.000000,  0.000000,  -0.000000
22.494333  ,  0.000000,  0.000000,  -0.000000,  -0.000000,  0.000000,  -0.000000
22.544333  ,  0.000000,  0.000000,  -0.000000,  -0.000000,  0.000000,  -0.000000
22.594333  ,  0.000000,  0.000000,  -0.000000,  -0.000000,  0.000000,  -0.000000
22.644333  ,  0.000000,  0.000000,  -0.000000,  -0.000000,  0.000000,  -0.000000
22.694333  ,  0.000000,  0.000000,  -0.000000,  -0.000000,  0.000000,  -0.000000
22.744333  ,  0.000000,  0.000000,  -0.000000,  -0.000000,  0.000000,  -0.000000
22.794333  ,  0.000000,  0.000000,  -0.000000,  -0.000000,  0.000000,  -0.000000
22.844333  ,  0.000000,  0.000000,  -0.000000,  -0.000000,  0.000000,  -0.000000
22.894333  ,  0.000000,  0.000000,  -0.000000,  -0.000000,  0.000000,  -0.000000
22.944333  ,  0.000000,  0.000000,  -0.000000,  -0.000000,  0.000000,  -0.000000
22.994333  ,  0.000000,  0.000000,  -0.000000,  -0.000000,  0.000000,  -0.000000
23.044333  ,  0.000000,  0.000000,  -0.000000,  -0.000000,  0.000000,  -0.000000
23.094333  ,  0.000000,  0.000000,  -0.000000,  -0.000000,  0.000000,  0.000000
23.144333  ,  0.000000,  0.000000,  -0.000000,  -0.000000,  0.000000,  0.000000
23.194333  ,  0.000000,  0.000000,  -0.000000,  -0.000000,  0.000000,  0.000000
23.244333  ,  0.000000,  0.000000,  -0.000000,  -0.000000,  0.000000,  0.000000
23.294333  ,  0.000000,  0.000000,  -0.000000,  -0.000000,  0.000000,  0.000000
23.344333  ,  0.000000,  0.000000,  -0.000000,  -0.000000,  0.000000,  0.000000
23.394333  ,  0.000000,  0.000000,  -0.000000,  -0.000000,  0.000000,  0.000000
23.444333  ,  0.000000,  0.000000,  -0.000000,  -0.000000,  0.000000,  0.000000
23.494333  ,  0.000000,  0.000000,  -0.000000,  -0.000000,  0.000000,  0.000000
23.544333  ,  0.000000,  0.000000,  -0.000000,  -0.000000,  0.000000,  0.000000
23.594333  ,  0.000000,  0.000000,  -0.000000,  -0.000000,  0.000000,  0.000000
23.644333  ,  0.000000,  0.000000,  -0.000000,  -0.000000,  0.000000,  0.000000
23.694333  ,  0.000000,  0.000000,  -0.000000,  -0.000000,  0.000000,  0.000000
23.744333  ,  0.000000,  0.000000,  -0.000000,  -0.000000,  0.000000,  0.000000
23.794333  ,  0.000000,  0.000000,  -0.000000,  -0.000000,  0.000000,  0.000000
23.844333  ,  0.000000,  0.000000,  -0.000000,  -0.000000,  0.000000,  0.000000
23.894333  ,  0.000000,  0.000000,  -0.000000,  -0.000000,  0.000000,  0.000000
23.944333  ,  0.000000,  0.000000,  -0.000000,  -0.000000,  0.000000,  0.000000
23.994333  ,  0.000000,  0.000000,  -0.000000,  -0.000000,  0.000000,  0.000000
24.044333  ,  0.000000,  0.000000,  -0.000000,  -0.000000,  0.000000,  0.000000
24.094333  ,  0.000000,  0.000000,  -0.000000,  -0.000000,  0.000000,  0.000000
24.144333  ,  -0.000000,  0.000000,  -0.000000,  -0.000000,  0.000000,  0.000000
24.194333  ,  -0.000000,  0.000000,  -0.000000,  -0.000000,  0.000000,  0.000000
24.244333  ,  -0.000000,  0.000000,  -0.000000,  -0.000000,  0.000000,  0.000000
24.294333  ,  -0.000000,  0.000000,  -0.000000,  -0.000000,  0.000000,  0.000000
24.344333  ,  -0.000000,  0.000000,  -0.000000,  -0.000000,  0.000000,  0.000000
24.394333  ,  -0.000000,  0.000000,  -0.000000,  -0.000000,  0.000000,  0.000000
24.444333  ,  -0.000000,  0.000000,  -0.000000,  -0.000000,  0.000000,  0.000000
24.494333  ,  -0.000000,  0.000000,  -0.000000,  -0.000000,  0.000000,  0.000000
24.544333  ,  -0.000000,  0.000000,  -0.000000,  -0.000000,  0.000000,  0.000000
24.594333  ,  -0.000000,  0.000000,  -0.000000,  -0.000000,  0.000000,  0.000000
24.644333  ,  -0.000000,  0.000000,  -0.000000,  -0.000000,  0.000000,  -0.000000
24.694333  ,  -0.000000,  0.000000,  -0.000000,  -0.000000,  0.000000,  -0.000000
24.744333  ,  -0.000000,  0.000000,  -0.000000,  0.000000,  0.000000,  -0.000000
24.794333  ,  -0.000000,  0.000000,  -0.000000,  0.000000,  0.000000,  -0.000000
24.844333  ,  -0.000000,  0.000000,  -0.000000,  0.000000,  0.000000,  -0.000000
24.894333  ,  -0.000000,  0.000000,  -0.000000,  0.000000,  0.000000,  -0.000000
24.944333  ,  -0.000000,  0.000000,  -0.000000,  0.000000,  0.000000,  -0.000000
24.994333  ,  -0.000000,  0.000000,  -0.000000,  0.000000,  0.000000,  -0.000000
25.044333  ,  -0.000000,  0.000000,  -0.000000,  0.000000,  0.000000,  -0.000000
25.094333  ,  -0.000000,  0.000000,  -0.000000,  0.000000,  0.000000,  -0.000000
25.144333  ,  -0.000000,  0.000000,  -0.000000,  0.000000,  0.000000,  -0.000000
25.194333  ,  -0.000000,  0.000000,  -0.000000,  0.000000,  0.000000,  -0.000000
25.244333  ,  -0.000000,  0.000000,  -0.000000,  0.000000,  0.000000,  -0.000000
25.294333  ,  -0.000000,  0.000000,  -0.000000,  0.000000,  0.000000,  -0.000000
25.344333  ,  -0.000000,  0.000000,  -0.000000,  0.000000,  0.000000,  0.000000
25.394333  ,  -0.000000,  0.000000,  -0.000000,  0.000000,  0.000000,  0.000000
25.444333  ,  -0.000000,  0.000000,  -0.000000,  0.000000,  0.000000,  0.000000
25.494333  ,  -0.000000,  0.000000,  -0.000000,  0.000000,  0.000000,  0.000000
25.544333  ,  -0.000000,  0.000000,  -0.000000,  -0.000000,  0.000000,  0.000000
25.594333  ,  -0.000000,  0.000000,  -0.000000,  -0.000000,  0.000000,  0.000000
25.644333  ,  -0.000000,  0.000000,  -0.000000,  -0.000000,  0.000000,  0.000000
25.694333  ,  -0.000000,  0.000000,  -0.000000,  -0.000000,  0.000000,  0.000000
25.744333  ,  -0.000000,  0.000000,  -0.000000,  -0.000000,  0.000000,  0.000000
25.794333  ,  -0.000000,  0.000000,  -0.000000,  -0.000000,  0.000000,  0.000000
25.844333  ,  -0.000000,  0.000000,  -0.000000,  -0.000000,  0.000000,  0.000000
25.894333  ,  -0.000000,  0.000000,  -0.000000,  -0.000000,  0.000000,  0.000000
25.944333  ,  -0.000000,  0.000000,  -0.000000,  -0.000000,  0.000000,  0.000000
25.994333  ,  -0.000000,  0.000000,  -0.000000,  -0.000000,  0.000000,  0.000000
26.044333  ,  -0.000000,  0.000000,  -0.000000,  -0.000000,  0.000000,  0.000000
26.094333  ,  -0.000000,  0.000000,  -0.000000,  -0.000000,  0.000000,  0.000000
26.144333  ,  -0.000000,  0.000000,  -0.000000,  -0.000000,  0.000000,  0.000000
26.194333  ,  -0.000000,  0.000000,  -0.000000,  -0.000000,  0.000000,  0.000000
26.244333  ,  -0.000000,  0.000000,  -0.000000,  -0.000000,  0.000000,  -0.000000
26.294333  ,  -0.000000,  0.000000,  -0.000000,  -0.000000,  0.000000,  -0.000000
26.344333  ,  -0.000000,  0.000000,  -0.000000,  -0.000000,  0.000000,  -0.000000
26.394333  ,  -0.000000,  0.000000,  -0.000000,  -0.000000,  0.000000,  -0.000000
26.444333  ,  -0.000000,  0.000000,  -0.000000,  -0.000000,  0.000000,  -0.000000
26.494333  ,  -0.000000,  0.000000,  -0.000000,  -0.000000,  0.000000,  -0.000000
26.544333  ,  -0.000000,  0.000000,  -0.000000,  -0.000000,  0.000000,  -0.000000
26.594333  ,  -0.000000,  0.000000,  -0.000000,  -0.000000,  0.000000,  -0.000000
26.644333  ,  -0.000000,  0.000000,  -0.000000,  -0.000000,  0.000000,  -0.000000
26.694333  ,  -0.000000,  0.000000,  -0.000000,  -0.000000,  0.000000,  -0.000000
26.744333  ,  -0.000000,  0.000000,  -0.000000,  -0.000000,  0.000000,  -0.000000
26.794333  ,  -0.000000,  0.000000,  -0.000000,  -0.000000,  0.000000,  -0.000000
26.844333  ,  -0.000000,  0.000000,  -0.000000,  -0.000000,  0.000000,  -0.000000
26.894333  ,  -0.000000,  0.000000,  -0.000000,  -0.000000,  0.000000,  -0.000000
26.944333  ,  -0.000000,  0.000000,  -0.000000,  -0.000000,  0.000000,  -0.000000
26.994333  ,  -0.000000,  0.000000,  -0.000000,  -0.000000,  0.000000,  -0.000000
27.044333  ,  -0.000000,  0.000000,  -0.000000,  -0.000000,  0.000000,  -0.000000
27.094333  ,  -0.000000,  0.000000,  -0.000000,  -0.000000,  0.000000,  -0.000000
27.144333  ,  -0.000000,  0.000000,  -0.000000,  -0.000000,  0.000000,  -0.000000
27.194333  ,  -0.000000,  0.000000,  -0.000000,  -0.000000,  0.000000,  -0.000000
27.244333  ,  -0.000000,  0.000000,  -0.000000,  -0.000000,  0.000000,  -0.000000
27.294333  ,  -0.000000,  0.000000,  -0.000000,  -0.000000,  0.000000,  -0.000000
27.344333  ,  -0.000000,  0.000000,  -0.000000,  -0.000000,  0.000000,  -0.000000
27.394333  ,  -0.000000,  0.000000,  -0.000000,  -0.000000,  0.000000,  -0.000000
27.444333  ,  -0.000000,  0.000000,  -0.000000,  -0.000000,  0.000000,  -0.000000
27.494333  ,  -0.000000,  0.000000,  -0.000000,  -0.000000,  0.000000,  -0.000000
27.544333  ,  -0.000000,  0.000000,  -0.000000,  -0.000000,  0.000000,  -0.000000
27.594333  ,  -0.000000,  0.000000,  -0.000000,  -0.000000,  0.000000,  -0.000000
27.644333  ,  -0.000000,  0.000000,  -0.000000,  -0.000000,  0.000000,  -0.000000
27.694333  ,  -0.000000,  0.000000,  -0.000000,  -0.000000,  0.000000,  -0.000000
27.744333  ,  -0.000000,  0.000000,  -0.000000,  -0.000000,  0.000000,  -0.000000
27.794333  ,  -0.000000,  0.000000,  -0.000000,  -0.000000,  0.000000,  -0.000000
27.844333  ,  -0.000000,  0.000000,  -0.000000,  -0.000000,  0.000000,  -0.000000
27.894333  ,  -0.000000,  -0.000000,  -0.000000,  -0.000000,  0.000000,  -0.000000
27.944333  ,  -0.000000,  -0.000000,  -0.000000,  -0.000000,  0.000000,  -0.000000
27.994333  ,  -0.000000,  -0.000000,  -0.000000,  -0.000000,  0.000000,  -0.000000
28.044333  ,  -0.000000,  -0.000000,  -0.000000,  -0.000000,  0.000000,  -0.000000
28.094333  ,  -0.000000,  -0.000000,  -0.000000,  -0.000000,  0.000000,  -0.000000
28.144333  ,  -0.000000,  -0.000000,  -0.000000,  -0.000000,  0.000000,  -0.000000
28.194333  ,  -0.000000,  -0.000000,  -0.000000,  -0.000000,  0.000000,  -0.000000
28.244333  ,  -0.000000,  -0.000000,  -0.000000,  -0.000000,  0.000000,  -0.000000
28.294333  ,  -0.000000,  -0.000000,  -0.000000,  -0.000000,  0.000000,  -0.000000
28.344333  ,  -0.000000,  -0.000000,  -0.000000,  -0.000000,  0.000000,  -0.000000
28.394333  ,  -0.000000,  -0.000000,  -0.000000,  -0.000000,  0.000000,  -0.000000
28.444333  ,  -0.000000,  -0.000000,  -0.000000,  -0.000000,  0.000000,  -0.000000
28.494333  ,  -0.000000,  -0.000000,  -0.000000,  -0.000000,  0.000000,  -0.000000
28.544333  ,  -0.000000,  -0.000000,  -0.000000,  -0.000000,  0.000000,  -0.000000
28.594333  ,  -0.000000,  -0.000000,  -0.000000,  -0.000000,  0.000000,  -0.000000
28.644333  ,  -0.000000,  -0.000000,  -0.000000,  -0.000000,  0.000000,  -0.000000
28.694333  ,  -0.000000,  -0.000000,  -0.000000,  -0.000000,  0.000000,  -0.000000
28.744333  ,  -0.000000,  -0.000000,  -0.000000,  -0.000000,  0.000000,  -0.000000
28.794333  ,  -0.000000,  -0.000000,  -0.000000,  -0.000000,  0.000000,  -0.000000
28.844333  ,  -0.000000,  -0.000000,  -0.000000,  -0.000000,  0.000000,  -0.000000
28.894333  ,  -0.000000,  -0.000000,  -0.000000,  -0.000000,  0.000000,  -0.000000
28.944333  ,  -0.000000,  -0.000000,  -0.000000,  -0.000000,  0.000000,  -0.000000
28.994333  ,  -0.000000,  -0.000000,  -0.000000,  -0.000000,  0.000000,  -0.000000
29.044333  ,  -0.000000,  -0.000000,  -0.000000,  -0.000000,  0.000000,  -0.000000
29.094333  ,  -0.000000,  -0.000000,  -0.000000,  -0.000000,  0.000000,  -0.000000
29.144333  ,  -0.000000,  -0.000000,  -0.000000,  -0.000000,  0.000000,  -0.000000
29.194333  ,  -0.000000,  -0.000000,  -0.000000,  -0.000000,  0.000000,  -0.000000
29.244333  ,  -0.000000,  -0.000000,  -0.000000,  -0.000000,  0.000000,  -0.000000
29.294333  ,  -0.000000,  -0.000000,  -0.000000,  -0.000000,  0.000000,  -0.000000
29.344333  ,  -0.000000,  -0.000000,  -0.000000,  -0.000000,  0.000000,  -0.000000
29.394333  ,  -0.000000,  -0.000000,  -0.000000,  -0.000000,  0.000000,  -0.000000
29.444333  ,  -0.000000,  -0.000000,  -0.000000,  -0.000000,  0.000000,  0.000000
29.494333  ,  -0.000000,  -0.000000,  -0.000000,  -0.000000,  0.000000,  0.000000
29.544333  ,  -0.000000,  -0.000000,  -0.000000,  -0.000000,  0.000000,  0.000000
29.594333  ,  -0.000000,  -0.000000,  -0.000000,  -0.000000,  0.000000,  0.000000
29.644333  ,  -0.000000,  -0.000000,  -0.000000,  -0.000000,  0.000000,  0.000000
29.694333  ,  -0.000000,  -0.000000,  -0.000000,  -0.000000,  0.000000,  0.000000
29.744333  ,  -0.000000,  -0.000000,  -0.000000,  -0.000000,  0.000000,  0.000000
29.794333  ,  0.000000,  -0.000000,  -0.000000,  -0.000000,  0.000000,  0.000000
29.844333  ,  0.000000,  -0.000000,  -0.000000,  -0.000000,  0.000000,  0.000000
29.894333  ,  0.000000,  -0.000000,  -0.000000,  -0.000000,  0.000000,  0.000000
29.944333  ,  0.000000,  -0.000000,  -0.000000,  -0.000000,  0.000000,  0.000000
29.994333  ,  0.000000,  -0.000000,  -0.000000,  -0.000000,  0.000000,  0.000000
30.000000  ,  0.000000,  -0.000000,  -0.000000,  -0.000000,  0.000000,  0.000000
