time  , ref_x  , ref_y  , ref_alpha  , x  , y  , alpha  , ref_vx  , ref_vy  , ref_omega  , vx  , vy  , omega  
0.000000  ,  0.000000,  0.000000,  0.785398,  0.000000,  0.000000,  0.785398,  1.000000,  0.000000,  0.500000,  0.000003,  0.000000,  0.000000
0.000284  ,  0.000201,  0.000201,  0.785540,  0.000000,  0.000000,  0.785398,  1.000000,  0.000000,  0.500000,  0.276040,  0.000000,  0.158297
0.001705  ,  0.001205,  0.001206,  0.786251,  0.000278,  0.000278,  0.785624,  1.000000,  0.000000,  0.500000,  0.477983,  0.000000,  0.269509
0.008810  ,  0.006216,  0.006243,  0.789803,  0.002685,  0.002691,  0.787545,  1.000000,  0.000000,  0.500000,  0.628002,  0.000000,  0.348273
0.044333  ,  0.030998,  0.031693,  0.807565,  0.018491,  0.018764,  0.800034,  1.000000,  0.000000,  0.500000,  0.749410,  0.000000,  0.408669
0.094333  ,  0.065106,  0.068252,  0.832565,  0.044538,  0.046144,  0.820608,  1.000000,  0.000000,  0.500000,  0.849457,  0.000000,  0.455187
0.144333  ,  0.098289,  0.105651,  0.857565,  0.073274,  0.077692,  0.843436,  1.000000,  0.000000,  0.500000,  0.929126,  0.000000,  0.489225
0.194333  ,  0.130527,  0.143869,  0.882565,  0.103802,  0.112844,  0.867912,  1.000000,  0.000000,  0.500000,  0.990056,  0.000000,  0.512583
0.244333  ,  0.161800,  0.182880,  0.907565,  0.135330,  0.151038,  0.893520,  1.000000,  0.000000,  0.500000,  1.034335,  0.000000,  0.527213
0.294333  ,  0.192088,  0.222661,  0.932565,  0.167183,  0.191734,  0.919835,  1.000000,  0.000000,  0.500000,  1.064309,  0.000000,  0.535041
0.344333  ,  0.221371,  0.263187,  0.957565,  0.198814,  0.234430,  0.946529,  1.000000,  0.000000,  0.500000,  1.082409,  0.000000,  0.537829
0.394333  ,  0.249633,  0.304432,  0.982565,  0.229794,  0.278676,  0.973358,  1.000000,  0.000000,  0.500000,  1.091018,  0.000000,  0.537105
0.444333  ,  0.276855,  0.346371,  1.007565,  0.259807,  0.324084,  1.000153,  1.000000,  0.000000,  0.500000,  1.092357,  0.000000,  0.534125
0.494333  ,  0.303020,  0.388977,  1.032565,  0.288629,  0.370331,  1.026803,  1.000000,  0.000000,  0.500000,  1.088418,  0.000000,  0.529872
0.544333  ,  0.328111,  0.432224,  1.057565,  0.316116,  0.417160,  1.053247,  1.000000,  0.000000,  0.500000,  1.080918,  0.000000,  0.525080
0.594333  ,  0.352114,  0.476084,  1.082565,  0.342182,  0.464375,  1.079460,  1.000000,  0.000000,  0.500000,  1.071284,  0.000000,  0.520264
0.644333  ,  0.375013,  0.520531,  1.107565,  0.366792,  0.511837,  1.105441,  1.000000,  0.000000,  0.500000,  1.060652,  0.000000,  0.515760
0.694333  ,  0.396793,  0.565536,  1.132565,  0.389940,  0.559455,  1.131203,  1.000000,  0.000000,  0.500000,  1.049891,  0.000000,  0.511766
0.744333  ,  0.417442,  0.611072,  1.157565,  0.411641,  0.607175,  1.156772,  1.000000,  0.000000,  0.500000,  1.039625,  0.000000,  0.508373
0.794333  ,  0.436946,  0.657109,  1.182565,  0.431924,  0.654972,  1.182178,  1.000000,  0.000000,  0.500000,  1.030271,  0.000000,  0.505601
0.844333  ,  0.455294,  0.703620,  1.207565,  0.450823,  0.702845,  1.207449,  1.000000,  0.000000,  0.500000,  1.022073,  0.000000,  0.503420
0.894333  ,  0.472472,  0.750575,  1.232565,  0.468372,  0.750806,  1.232614,  1.000000,  0.000000,  0.500000,  1.015141,  0.000000,  0.501769
0.944333  ,  0.488472,  0.797944,  1.257565,  0.484602,  0.798873,  1.257700,  1.000000,  0.000000,  0.500000,  1.009480,  0.000000,  0.500575
0.994333  ,  0.503283,  0.845699,  1.282565,  0.499542,  0.847069,  1.282728,  1.000000,  0.000000,  0.500000,  1.005022,  0.000000,  0.499757
1.044333  ,  0.516895,  0.893809,  1.307565,  0.513213,  0.895415,  1.307717,  1.000000,  0.000000,  0.500000,  1.001652,  0.000000,  0.499240
1.094333  ,  0.529300,  0.942245,  1.332565,  0.525631,  0.943930,  1.332680,  1.000000,  0.000000,  0.500000,  0.999228,  0.000000,  0.498954
1.144333  ,  0.540491,  0.990975,  1.357565,  0.536809,  0.992624,  1.357629,  1.000000,  0.000000,  0.500000,  0.997595,  0.000000,  0.498837
1.194333  ,  0.550460,  1.039970,  1.382565,  0.546753,  1.041505,  1.382573,  1.000000,  0.000000,  0.500000,  0.996604,  0.000000,  0.498839
1.244333  ,  0.559201,  1.089198,  1.407565,  0.555466,  1.090571,  1.407517,  1.000000,  0.000000,  0.500000,  0.996110,  0.000000,  0.498919
1.294333  ,  0.566709,  1.138630,  1.432565,  0.562949,  1.139815,  1.432465,  1.000000,  0.000000,  0.500000,  0.995986,  0.000000,  0.499044
1.344333  ,  0.572979,  1.188234,  1.457565,  0.569201,  1.189225,  1.457418,  1.000000,  0.000000,  0.500000,  0.996124,  0.000000,  0.499191
1.394333  ,  0.578007,  1.237979,  1.482565,  0.574218,  1.238782,  1.482379,  1.000000,  0.000000,  0.500000,  0.996433,  0.000000,  0.499343
1.444333  ,  0.581790,  1.287835,  1.507565,  0.577998,  1.288463,  1.507348,  1.000000,  0.000000,  0.500000,  0.996840,  0.000000,  0.499488
1.494333  ,  0.584325,  1.337769,  1.532565,  0.580537,  1.338244,  1.532323,  1.000000,  0.000000,  0.500000,  0.997291,  0.000000,  0.499619
1.544333  ,  0.585611,  1.387751,  1.557565,  0.581832,  1.388094,  1.557304,  1.000000,  0.000000,  0.500000,  0.997744,  0.000000,  0.499732
1.594333  ,  0.585648,  1.437750,  1.582565,  0.581882,  1.437983,  1.582291,  1.000000,  0.000000,  0.500000,  0.998172,  0.000000,  0.499826
1.644333  ,  0.584435,  1.487734,  1.607565,  0.580685,  1.487878,  1.607283,  1.000000,  0.000000,  0.500000,  0.998558,  0.000000,  0.499901
1.694333  ,  0.581972,  1.537672,  1.632565,  0.578240,  1.537746,  1.632278,  1.000000,  0.000000,  0.500000,  0.998892,  0.000000,  0.499959
1.744333  ,  0.578262,  1.587533,  1.657565,  0.574549,  1.587554,  1.657276,  1.000000,  0.000000,  0.500000,  0.999170,  0.000000,  0.500002
1.794333  ,  0.573307,  1.637285,  1.682565,  0.569612,  1.637268,  1.682276,  1.000000,  0.000000,  0.500000,  0.999394,  0.000000,  0.500031
1.844333  ,  0.567110,  1.686899,  1.707565,  0.563433,  1.686853,  1.707278,  1.000000,  0.000000,  0.500000,  0.999567,  0.000000,  0.500050
1.894333  ,  0.559674,  1.736341,  1.732565,  0.556014,  1.736277,  1.732280,  1.000000,  0.000000,  0.500000,  0.999696,  0.000000,  0.500060
1.944333  ,  0.551005,  1.785583,  1.757565,  0.547362,  1.785506,  1.757283,  1.000000,  0.000000,  0.500000,  0.999786,  0.000000,  0.500064
1.994333  ,  0.541108,  1.834592,  1.782565,  0.537480,  1.834507,  1.782286,  1.000000,  0.000000,  0.500000,  0.999844,  0.000000,  0.500062
2.044333  ,  0.529989,  1.883339,  1.807565,  0.526376,  1.883249,  1.807289,  1.000000,  0.000000,  0.500000,  0.999877,  0.000000,  0.500058
2.094333  ,  0.517654,  1.931792,  1.832565,  0.514057,  1.931700,  1.832292,  1.000000,  0.000000,  0.500000,  0.999890,  0.000000,  0.500051
2.144333  ,  0.504112,  1.979922,  1.857565,  0.500529,  1.979828,  1.857294,  1.000000,  0.000000,  0.500000,  0.999888,  0.000000,  0.500043
2.194333  ,  0.489372,  2.027698,  1.882565,  0.485803,  2.027603,  1.882297,  1.000000,  0.000000,  0.500000,  0.999876,  0.000000,  0.500034
2.244333  ,  0.473441,  2.075091,  1.907565,  0.469888,  2.074994,  1.907298,  1.000000,  0.000000,  0.500000,  0.999856,  0.000000,  0.500026
2.294333  ,  0.456331,  2.122071,  1.932565,  0.452793,  2.121971,  1.932299,  1.000000,  0.000000,  0.500000,  0.999832,  0.000000,  0.500017
2.344333  ,  0.438052,  2.168609,  1.957565,  0.434529,  2.168506,  1.957300,  1.000000,  0.000000,  0.500000,  0.999806,  0.000000,  0.500010
2.394333  ,  0.418615,  2.214675,  1.982565,  0.415108,  2.214568,  1.982301,  1.000000,  0.000000,  0.500000,  0.999779,  0.000000,  0.500002
2.444333  ,  0.398033,  2.260241,  2.007565,  0.394543,  2.260129,  2.007301,  1.000000,  0.000000,  0.500000,  0.999752,  0.000000,  0.499996
2.494333  ,  0.376318,  2.305278,  2.032565,  0.372845,  2.305160,  2.032300,  1.000000,  0.000000,  0.500000,  0.999726,  0.000000,  0.499990
2.544333  ,  0.353485,  2.349758,  2.057565,  0.350030,  2.349634,  2.057300,  1.000000,  0.000000,  0.500000,  0.999701,  0.000000,  0.499985
2.594333  ,  0.329546,  2.393653,  2.082565,  0.326110,  2.393523,  2.082299,  1.000000,  0.000000,  0.500000,  0.999677,  0.000000,  0.499981
2.644333  ,  0.304518,  2.436937,  2.107565,  0.301101,  2.436799,  2.107298,  1.000000,  0.000000,  0.500000,  0.999655,  0.000000,  0.499977
2.694333  ,  0.278415,  2.479581,  2.132565,  0.275019,  2.479435,  2.132297,  1.000000,  0.000000,  0.500000,  0.999633,  0.000000,  0.499973
2.744333  ,  0.251255,  2.521559,  2.157565,  0.247880,  2.521405,  2.157296,  1.000000,  0.000000,  0.500000,  0.999612,  0.000000,  0.499970
2.794333  ,  0.223054,  2.562846,  2.182565,  0.219701,  2.562683,  2.182294,  1.000000,  0.000000,  0.500000,  0.999592,  0.000000,  0.499967
2.844333  ,  0.193829,  2.603414,  2.207565,  0.190500,  2.603243,  2.207293,  1.000000,  0.000000,  0.500000,  0.999573,  0.000000,  0.499964
2.894333  ,  0.163600,  2.643239,  2.232565,  0.160294,  2.643059,  2.232291,  1.000000,  0.000000,  0.500000,  0.999553,  0.000000,  0.499962
2.944333  ,  0.132384,  2.682297,  2.257565,  0.129104,  2.682107,  2.257289,  1.000000,  0.000000,  0.500000,  0.999533,  0.000000,  0.499959
2.994333  ,  0.100202,  2.720561,  2.282565,  0.096947,  2.720363,  2.282287,  1.000000,  0.000000,  0.500000,  0.999512,  0.000000,  0.499957
3.044333  ,  0.067074,  2.758010,  2.307565,  0.063845,  2.757802,  2.307285,  1.000000,  0.000000,  0.500000,  0.999491,  0.000000,  0.499954
3.094333  ,  0.033020,  2.794618,  2.332565,  0.029819,  2.794401,  2.332282,  1.000000,  0.000000,  0.500000,  0.999469,  0.000000,  0.499952
3.144333  ,  -0.001939,  2.830364,  2.357565,  -0.005111,  2.830138,  2.357280,  1.000000,  0.000000,  0.500000,  0.999445,  0.000000,  0.499949
3.194333  ,  -0.037781,  2.865224,  2.382565,  -0.040922,  2.864989,  2.382277,  1.000000,  0.000000,  0.500000,  0.999420,  0.000000,  0.499947
3.244333  ,  -0.074482,  2.899178,  2.407565,  -0.077593,  2.898934,  2.407275,  1.000000,  0.000000,  0.500000,  0.999394,  0.000000,  0.499945
3.294333  ,  -0.112021,  2.932204,  2.432565,  -0.115099,  2.931950,  2.432272,  1.000000,  0.000000,  0.500000,  0.999366,  0.000000,  0.499943
3.344333  ,  -0.150374,  2.964281,  2.457565,  -0.153418,  2.964018,  2.457269,  1.000000,  0.000000,  0.500000,  0.999336,  0.000000,  0.499940
3.394333  ,  -0.189516,  2.995389,  2.482565,  -0.192525,  2.995117,  2.482266,  1.000000,  0.000000,  0.500000,  0.999303,  0.000000,  0.499938
3.444333  ,  -0.229424,  3.025509,  2.507565,  -0.232396,  3.025228,  2.507263,  1.000000,  0.000000,  0.500000,  0.999269,  0.000000,  0.499936
3.494333  ,  -0.270073,  3.054623,  2.532565,  -0.273006,  3.054332,  2.532260,  1.000000,  0.000000,  0.500000,  0.999232,  0.000000,  0.499934
3.544333  ,  -0.311436,  3.082711,  2.557565,  -0.314328,  3.082411,  2.557256,  1.000000,  0.000000,  0.500000,  0.999193,  0.000000,  0.499933
3.594333  ,  -0.353489,  3.109756,  2.582565,  -0.356339,  3.109447,  2.582253,  1.000000,  0.000000,  0.500000,  0.999151,  0.000000,  0.499932
3.644333  ,  -0.396205,  3.135741,  2.607565,  -0.399009,  3.135424,  2.607250,  1.000000,  0.000000,  0.500000,  0.999106,  0.000000,  0.499931
3.694333  ,  -0.439556,  3.160651,  2.632565,  -0.442314,  3.160325,  2.632246,  1.000000,  0.000000,  0.500000,  0.999057,  0.000000,  0.499930
3.744333  ,  -0.483517,  3.184469,  2.657565,  -0.486226,  3.184135,  2.657243,  1.000000,  0.000000,  0.500000,  0.999006,  0.000000,  0.499931
3.794333  ,  -0.528060,  3.207181,  2.682565,  -0.530717,  3.206838,  2.682239,  1.000000,  0.000000,  0.500000,  0.998951,  0.000000,  0.499932
3.844333  ,  -0.573156,  3.228772,  2.707565,  -0.575758,  3.228421,  2.707236,  1.000000,  0.000000,  0.500000,  0.998893,  0.000000,  0.499934
3.894333  ,  -0.618778,  3.249229,  2.732565,  -0.621323,  3.248871,  2.732233,  1.000000,  0.000000,  0.500000,  0.998831,  0.000000,  0.499937
3.944333  ,  -0.664898,  3.268540,  2.757565,  -0.667381,  3.268174,  2.757230,  1.000000,  0.000000,  0.500000,  0.998765,  0.000000,  0.499942
3.994333  ,  -0.711485,  3.286691,  2.782565,  -0.713904,  3.286318,  2.782227,  1.000000,  0.000000,  0.500000,  0.998696,  0.000000,  0.499948
4.044333  ,  -0.758512,  3.303673,  2.807565,  -0.760864,  3.303293,  2.807224,  1.000000,  0.000000,  0.500000,  0.998623,  0.000000,  0.499956
4.094333  ,  -0.805948,  3.319473,  2.832565,  -0.808229,  3.319088,  2.832222,  1.000000,  0.000000,  0.500000,  0.998547,  0.000000,  0.499966
4.144333  ,  -0.853765,  3.334083,  2.857565,  -0.855970,  3.333693,  2.857221,  1.000000,  0.000000,  0.500000,  0.998468,  0.000000,  0.499979
4.194333  ,  -0.901932,  3.347492,  2.882565,  -0.904058,  3.347098,  2.882220,  1.000000,  0.000000,  0.500000,  0.998387,  0.000000,  0.499994
4.244333  ,  -0.950419,  3.359694,  2.907565,  -0.952463,  3.359297,  2.907220,  1.000000,  0.000000,  0.500000,  0.998305,  0.000000,  0.500013
4.294333  ,  -0.999196,  3.370680,  2.932565,  -1.001153,  3.370281,  2.932221,  1.000000,  0.000000,  0.500000,  0.998222,  0.000000,  0.500035
4.344333  ,  -1.048232,  3.380443,  2.957565,  -1.050098,  3.380043,  2.957223,  1.000000,  0.000000,  0.500000,  0.998141,  0.000000,  0.500060
4.394333  ,  -1.097497,  3.388977,  2.982565,  -1.099268,  3.388578,  2.982226,  1.000000,  0.000000,  0.500000,  0.998062,  0.000000,  0.500089
4.444333  ,  -1.146960,  3.396277,  3.007565,  -1.148632,  3.395880,  3.007231,  1.000000,  0.000000,  0.500000,  0.997989,  0.000000,  0.500121
4.494333  ,  -1.196590,  3.402338,  3.032565,  -1.198160,  3.401946,  3.032237,  1.000000,  0.000000,  0.500000,  0.997923,  0.000000,  0.500156
4.544333  ,  -1.246356,  3.407157,  3.057565,  -1.247821,  3.406771,  3.057245,  1.000000,  0.000000,  0.500000,  0.997868,  0.000000,  0.500192
4.594333  ,  -1.296226,  3.410730,  3.082565,  -1.297585,  3.410352,  3.082255,  1.000000,  0.000000,  0.500000,  0.997825,  0.000000,  0.500230
4.644333  ,  -1.346171,  3.413056,  3.107565,  -1.347420,  3.412687,  3.107267,  1.000000,  0.000000,  0.500000,  0.997797,  0.000000,  0.500268
4.694333  ,  -1.396158,  3.414132,  3.132565,  -1.397297,  3.413776,  3.132281,  1.000000,  0.000000,  0.500000,  0.997787,  0.000000,  0.500303
4.744333  ,  -1.446156,  3.413958,  3.157565,  -1.447185,  3.413616,  3.157296,  1.000000,  0.000000,  0.500000,  0.997797,  0.000000,  0.500336
4.794333  ,  -1.496135,  3.412535,  3.182565,  -1.497055,  3.412209,  3.182313,  1.000000,  0.000000,  0.500000,  0.997826,  0.000000,  0.500363
4.844333  ,  -1.546062,  3.409863,  3.207565,  -1.546875,  3.409555,  3.207331,  1.000000,  0.000000,  0.500000,  0.997877,  0.000000,  0.500384
4.894333  ,  -1.595907,  3.405943,  3.232565,  -1.596615,  3.405655,  3.232350,  1.000000,  0.000000,  0.500000,  0.997947,  0.000000,  0.500397
4.944333  ,  -1.645638,  3.400779,  3.257565,  -1.646246,  3.400511,  3.257370,  1.000000,  0.000000,  0.500000,  0.998037,  0.000000,  0.500403
4.994333  ,  -1.695225,  3.394373,  3.282565,  -1.695738,  3.394127,  3.282390,  1.000000,  0.000000,  0.500000,  0.998143,  0.000000,  0.500400
5.044333  ,  -1.744636,  3.386730,  3.307565,  -1.745059,  3.386506,  3.307410,  1.000000,  0.000000,  0.500000,  0.998264,  0.000000,  0.500389
5.094333  ,  -1.793840,  3.377854,  3.332565,  -1.794180,  3.377652,  3.332429,  1.000000,  0.000000,  0.500000,  0.998396,  0.000000,  0.500371
5.144333  ,  -1.842808,  3.367751,  3.357565,  -1.843071,  3.367571,  3.357448,  1.000000,  0.000000,  0.500000,  0.998536,  0.000000,  0.500346
5.194333  ,  -1.891507,  3.356426,  3.382565,  -1.891701,  3.356269,  3.382465,  1.000000,  0.000000,  0.500000,  0.998680,  0.000000,  0.500318
5.244333  ,  -1.939908,  3.343888,  3.407565,  -1.940040,  3.343751,  3.407480,  1.000000,  0.000000,  0.500000,  0.998826,  0.000000,  0.500285
5.294333  ,  -1.987981,  3.330144,  3.432565,  -1.988058,  3.330027,  3.432494,  1.000000,  0.000000,  0.500000,  0.998970,  0.000000,  0.500251
5.344333  ,  -2.035695,  3.315203,  3.457565,  -2.035725,  3.315104,  3.457507,  1.000000,  0.000000,  0.500000,  0.999109,  0.000000,  0.500217
5.394333  ,  -2.083020,  3.299074,  3.482565,  -2.083009,  3.298991,  3.482517,  1.000000,  0.000000,  0.500000,  0.999242,  0.000000,  0.500183
5.444333  ,  -2.129928,  3.281766,  3.507565,  -2.129883,  3.281699,  3.507526,  1.000000,  0.000000,  0.500000,  0.999367,  0.000000,  0.500151
5.494333  ,  -2.176388,  3.263292,  3.532565,  -2.176315,  3.263237,  3.532534,  1.000000,  0.000000,  0.500000,  0.999481,  0.000000,  0.500121
5.544333  ,  -2.222372,  3.243661,  3.557565,  -2.222276,  3.243618,  3.557539,  1.000000,  0.000000,  0.500000,  0.999585,  0.000000,  0.500095
5.594333  ,  -2.267851,  3.222888,  3.582565,  -2.267736,  3.222854,  3.582544,  1.000000,  0.000000,  0.500000,  0.999677,  0.000000,  0.500071
5.644333  ,  -2.312797,  3.200984,  3.607565,  -2.312668,  3.200958,  3.607548,  1.000000,  0.000000,  0.500000,  0.999757,  0.000000,  0.500051
5.694333  ,  -2.357180,  3.177963,  3.632565,  -2.357042,  3.177944,  3.632550,  1.000000,  0.000000,  0.500000,  0.999826,  0.000000,  0.500034
5.744333  ,  -2.400975,  3.153841,  3.657565,  -2.400829,  3.153826,  3.657552,  1.000000,  0.000000,  0.500000,  0.999883,  0.000000,  0.500021
5.794333  ,  -2.444153,  3.128630,  3.682565,  -2.444002,  3.128619,  3.682553,  1.000000,  0.000000,  0.500000,  0.999930,  0.000000,  0.500010
5.844333  ,  -2.486687,  3.102349,  3.707565,  -2.486533,  3.102340,  3.707553,  1.000000,  0.000000,  0.500000,  0.999967,  0.000000,  0.500003
5.894333  ,  -2.528551,  3.075012,  3.732565,  -2.528396,  3.075005,  3.732553,  1.000000,  0.000000,  0.500000,  0.999995,  0.000000,  0.499997
5.944333  ,  -2.569718,  3.046638,  3.757565,  -2.569564,  3.046631,  3.757553,  1.000000,  0.000000,  0.500000,  1.000016,  0.000000,  0.499994
5.994333  ,  -2.610163,  3.017243,  3.782565,  -2.610010,  3.017236,  3.782553,  1.000000,  0.000000,  0.500000,  1.000030,  0.000000,  0.499992
6.044333  ,  -2.649861,  2.986847,  3.807565,  -2.649709,  2.986839,  3.807553,  1.000000,  0.000000,  0.500000,  1.000039,  0.000000,  0.499991
6.094333  ,  -2.688787,  2.955467,  3.832565,  -2.688637,  2.955459,  3.832552,  1.000000,  0.000000,  0.500000,  1.000043,  0.000000,  0.499991
6.144333  ,  -2.726916,  2.923125,  3.857565,  -2.726768,  2.923116,  3.857552,  1.000000,  0.000000,  0.500000,  1.000044,  0.000000,  0.499992
6.194333  ,  -2.764225,  2.889839,  3.882565,  -2.764079,  2.889829,  3.882551,  1.000000,  0.000000,  0.500000,  1.000042,  0.000000,  0.499994
6.244333  ,  -2.800689,  2.855631,  3.907565,  -2.800546,  2.855620,  3.907551,  1.000000,  0.000000,  0.500000,  1.000039,  0.000000,  0.499995
6.294333  ,  -2.836288,  2.820522,  3.932565,  -2.836146,  2.820511,  3.932551,  1.000000,  0.000000,  0.500000,  1.000034,  0.000000,  0.499997
6.344333  ,  -2.870998,  2.784535,  3.957565,  -2.870857,  2.784522,  3.957551,  1.000000,  0.000000,  0.500000,  1.000028,  0.000000,  0.499999
6.394333  ,  -2.904797,  2.747691,  3.982565,  -2.904658,  2.747678,  3.982551,  1.000000,  0.000000,  0.500000,  1.000023,  0.000000,  0.500000
6.444333  ,  -2.937665,  2.710013,  4.007565,  -2.937527,  2.710000,  4.007551,  1.000000,  0.000000,  0.500000,  1.000017,  0.000000,  0.500002
6.494333  ,  -2.969580,  2.671526,  4.032565,  -2.969443,  2.671513,  4.032551,  1.000000,  0.000000,  0.500000,  1.000012,  0.000000,  0.500003
6.544333  ,  -3.000524,  2.632253,  4.057565,  -3.000388,  2.632240,  4.057551,  1.000000,  0.000000,  0.500000,  1.000008,  0.000000,  0.500004
6.594333  ,  -3.030476,  2.592219,  4.082565,  -3.030341,  2.592206,  4.082551,  1.000000,  0.000000,  0.500000,  1.000004,  0.000000,  0.500005
6.644333  ,  -3.059418,  2.551448,  4.107565,  -3.059283,  2.551435,  4.107551,  1.000000,  0.000000,  0.500000,  1.000000,  0.000000,  0.500005
6.694333  ,  -3.087332,  2.509967,  4.132565,  -3.087198,  2.509955,  4.132552,  1.000000,  0.000000,  0.500000,  0.999998,  0.000000,  0.500006
6.744333  ,  -3.114200,  2.467801,  4.157565,  -3.114066,  2.467789,  4.157552,  1.000000,  0.000000,  0.500000,  0.999996,  0.000000,  0.500006
6.794333  ,  -3.140005,  2.424977,  4.182565,  -3.139873,  2.424965,  4.182552,  1.000000,  0.000000,  0.500000,  0.999994,  0.000000,  0.500006
6.844333  ,  -3.164733,  2.381521,  4.207565,  -3.164600,  2.381510,  4.207553,  1.000000,  0.000000,  0.500000,  0.999993,  0.000000,  0.500006
6.894333  ,  -3.188366,  2.337460,  4.232565,  -3.188234,  2.337449,  4.232553,  1.000000,  0.000000,  0.500000,  0.999992,  0.000000,  0.500006
6.944333  ,  -3.210890,  2.292822,  4.257565,  -3.210758,  2.292812,  4.257553,  1.000000,  0.000000,  0.500000,  0.999992,  0.000000,  0.500005
6.994333  ,  -3.232292,  2.247636,  4.282565,  -3.232160,  2.247626,  4.282553,  1.000000,  0.000000,  0.500000,  0.999992,  0.000000,  0.500005
7.044333  ,  -3.252557,  2.201928,  4.307565,  -3.252426,  2.201919,  4.307554,  1.000000,  0.000000,  0.500000,  0.999992,  0.000000,  0.500005
7.094333  ,  -3.271673,  2.155728,  4.332565,  -3.271542,  2.155720,  4.332554,  1.000000,  0.000000,  0.500000,  0.999992,  0.000000,  0.500004
7.144333  ,  -3.289629,  2.109065,  4.357565,  -3.289498,  2.109057,  4.357554,  1.000000,  0.000000,  0.500000,  0.999992,  0.000000,  0.500004
7.194333  ,  -3.306412,  2.061967,  4.382565,  -3.306282,  2.061960,  4.382554,  1.000000,  0.000000,  0.500000,  0.999992,  0.000000,  0.500004
7.244333  ,  -3.322013,  2.014465,  4.407565,  -3.321883,  2.014458,  4.407554,  1.000000,  0.000000,  0.500000,  0.999993,  0.000000,  0.500003
7.294333  ,  -3.336422,  1.966587,  4.432565,  -3.336292,  1.966581,  4.432555,  1.000000,  0.000000,  0.500000,  0.999993,  0.000000,  0.500003
7.344333  ,  -3.349629,  1.918364,  4.457565,  -3.349500,  1.918359,  4.457555,  1.000000,  0.000000,  0.500000,  0.999993,  0.000000,  0.500003
7.394333  ,  -3.361626,  1.869826,  4.482565,  -3.361498,  1.869821,  4.482555,  1.000000,  0.000000,  0.500000,  0.999993,  0.000000,  0.500003
7.444333  ,  -3.372407,  1.821004,  4.507565,  -3.372279,  1.820999,  4.507555,  1.000000,  0.000000,  0.500000,  0.999994,  0.000000,  0.500002
7.494333  ,  -3.381964,  1.771927,  4.532565,  -3.381836,  1.771922,  4.532555,  1.000000,  0.000000,  0.500000,  0.999994,  0.000000,  0.500002
7.544333  ,  -3.390291,  1.722626,  4.557565,  -3.390164,  1.722622,  4.557555,  1.000000,  0.000000,  0.500000,  0.999994,  0.000000,  0.500002
7.594333  ,  -3.397383,  1.673133,  4.582565,  -3.397256,  1.673130,  4.582555,  1.000000,  0.000000,  0.500000,  0.999994,  0.000000,  0.500002
7.644333  ,  -3.403236,  1.623478,  4.607565,  -3.403109,  1.623475,  4.607555,  1.000000,  0.000000,  0.500000,  0.999994,  0.000000,  0.500002
7.694333  ,  -3.407845,  1.573692,  4.632565,  -3.407719,  1.573690,  4.632556,  1.000000,  0.000000,  0.500000,  0.999994,  0.000000,  0.500002
7.744333  ,  -3.411209,  1.523807,  4.657565,  -3.411083,  1.523805,  4.657556,  1.000000,  0.000000,  0.500000,  0.999994,  0.000000,  0.500001
7.794333  ,  -3.413324,  1.473853,  4.682565,  -3.413199,  1.473851,  4.682556,  1.000000,  0.000000,  0.500000,  0.999994,  0.000000,  0.500001
7.844333  ,  -3.414190,  1.423862,  4.707565,  -3.414066,  1.423860,  4.707556,  1.000000,  0.000000,  0.500000,  0.999994,  0.000000,  0.500001
7.894333  ,  -3.413807,  1.373865,  4.732565,  -3.413682,  1.373863,  4.732556,  1.000000,  0.000000,  0.500000,  0.999993,  0.000000,  0.500001
7.944333  ,  -3.412173,  1.323893,  4.757565,  -3.412049,  1.323891,  4.757556,  1.000000,  0.000000,  0.500000,  0.999993,  0.000000,  0.500001
7.994333  ,  -3.409291,  1.273977,  4.782565,  -3.409168,  1.273976,  4.782556,  1.000000,  0.000000,  0.500000,  0.999993,  0.000000,  0.500001
8.044333  ,  -3.405162,  1.224149,  4.807565,  -3.405039,  1.224149,  4.807556,  1.000000,  0.000000,  0.500000,  0.999993,  0.000000,  0.500001
8.094333  ,  -3.399789,  1.174440,  4.832565,  -3.399666,  1.174440,  4.832556,  1.000000,  0.000000,  0.500000,  0.999993,  0.000000,  0.500001
8.144333  ,  -3.393175,  1.124881,  4.857565,  -3.393053,  1.124881,  4.857556,  1.000000,  0.000000,  0.500000,  0.999993,  0.000000,  0.500001
8.194333  ,  -3.385324,  1.075502,  4.882565,  -3.385202,  1.075503,  4.882556,  1.000000,  0.000000,  0.500000,  0.999992,  0.000000,  0.500001
8.244333  ,  -3.376241,  1.026336,  4.907565,  -3.376120,  1.026336,  4.907556,  1.000000,  0.000000,  0.500000,  0.999992,  0.000000,  0.500000
8.294333  ,  -3.365932,  0.977411,  4.932565,  -3.365811,  0.977412,  4.932556,  1.000000,  0.000000,  0.500000,  0.999992,  0.000000,  0.500000
8.344333  ,  -3.354403,  0.928760,  4.957565,  -3.354283,  0.928761,  4.957556,  1.000000,  0.000000,  0.500000,  0.999992,  0.000000,  0.500000
8.394333  ,  -3.341662,  0.880412,  4.982565,  -3.341542,  0.880413,  4.982556,  1.000000,  0.000000,  0.500000,  0.999991,  0.000000,  0.500000
8.444333  ,  -3.327716,  0.832397,  5.007565,  -3.327597,  0.832399,  5.007556,  1.000000,  0.000000,  0.500000,  0.999991,  0.000000,  0.500000
8.494333  ,  -3.312574,  0.784747,  5.032565,  -3.312456,  0.784749,  5.032556,  1.000000,  0.000000,  0.500000,  0.999991,  0.000000,  0.500000
8.544333  ,  -3.296246,  0.737489,  5.057565,  -3.296128,  0.737492,  5.057556,  1.000000,  0.000000,  0.500000,  0.999991,  0.000000,  0.500000
8.594333  ,  -3.278741,  0.690655,  5.082565,  -3.278624,  0.690658,  5.082556,  1.000000,  0.000000,  0.500000,  0.999990,  0.000000,  0.500000
8.644333  ,  -3.260071,  0.644273,  5.107565,  -3.259955,  0.644276,  5.107556,  1.000000,  0.000000,  0.500000,  0.999990,  0.000000,  0.500000
8.694333  ,  -3.240248,  0.598372,  5.132565,  -3.240132,  0.598375,  5.132556,  1.000000,  0.000000,  0.500000,  0.999990,  0.000000,  0.500000
8.744333  ,  -3.219284,  0.552980,  5.157565,  -3.219168,  0.552984,  5.157556,  1.000000,  0.000000,  0.500000,  0.999989,  0.000000,  0.500000
8.794333  ,  -3.197191,  0.508128,  5.182565,  -3.197076,  0.508131,  5.182556,  1.000000,  0.000000,  0.500000,  0.999989,  0.000000,  0.499999
8.844333  ,  -3.173984,  0.463841,  5.207565,  -3.173870,  0.463845,  5.207556,  1.000000,  0.000000,  0.500000,  0.999989,  0.000000,  0.499999
8.894333  ,  -3.149677,  0.420148,  5.232565,  -3.149564,  0.420153,  5.232556,  1.000000,  0.000000,  0.500000,  0.999988,  0.000000,  0.499999
8.944333  ,  -3.124286,  0.377077,  5.257565,  -3.124173,  0.377081,  5.257556,  1.000000,  0.000000,  0.500000,  0.999988,  0.000000,  0.499999
8.994333  ,  -3.097826,  0.334653,  5.282565,  -3.097714,  0.334658,  5.282556,  1.000000,  0.000000,  0.500000,  0.999987,  0.000000,  0.499999
9.044333  ,  -3.070313,  0.292905,  5.307565,  -3.070202,  0.292910,  5.307556,  1.000000,  0.000000,  0.500000,  0.999987,  0.000000,  0.499999
9.094333  ,  -3.041766,  0.251857,  5.332565,  -3.041656,  0.251863,  5.332556,  1.000000,  0.000000,  0.500000,  0.999986,  0.000000,  0.499999
9.144333  ,  -3.012202,  0.211536,  5.357565,  -3.012092,  0.211542,  5.357556,  1.000000,  0.000000,  0.500000,  0.999986,  0.000000,  0.499999
9.194333  ,  -2.981639,  0.171966,  5.382565,  -2.981530,  0.171972,  5.382556,  1.000000,  0.000000,  0.500000,  0.999985,  0.000000,  0.499999
9.244333  ,  -2.950096,  0.133173,  5.407565,  -2.949988,  0.133179,  5.407556,  1.000000,  0.000000,  0.500000,  0.999985,  0.000000,  0.499999
9.294333  ,  -2.917593,  0.095180,  5.432565,  -2.917486,  0.095187,  5.432556,  1.000000,  0.000000,  0.500000,  0.999984,  0.000000,  0.499999
9.344333  ,  -2.884151,  0.058011,  5.457565,  -2.884045,  0.058018,  5.457555,  1.000000,  0.000000,  0.500000,  0.999983,  0.000000,  0.499999
9.394333  ,  -2.849790,  0.021691,  5.482565,  -2.849685,  0.021698,  5.482555,  1.000000,  0.000000,  0.500000,  0.999982,  0.000000,  0.499998
9.444333  ,  -2.814532,  -0.013760,  5.507565,  -2.814428,  -0.013752,  5.507555,  1.000000,  0.000000,  0.500000,  0.999982,  0.000000,  0.499998
9.494333  ,  -2.778399,  -0.048318,  5.532565,  -2.778296,  -0.048310,  5.532555,  1.000000,  0.000000,  0.500000,  0.999981,  0.000000,  0.499998
9.544333  ,  -2.741413,  -0.081962,  5.557565,  -2.741311,  -0.081954,  5.557555,  1.000000,  0.000000,  0.500000,  0.999980,  0.000000,  0.499998
9.594333  ,  -2.703598,  -0.114671,  5.582565,  -2.703497,  -0.114663,  5.582555,  1.000000,  0.000000,  0.500000,  0.999979,  0.000000,  0.499998
9.644333  ,  -2.664977,  -0.146425,  5.607565,  -2.664877,  -0.146416,  5.607555,  1.000000,  0.000000,  0.500000,  0.999978,  0.000000,  0.499998
9.694333  ,  -2.625574,  -0.177203,  5.632565,  -2.625475,  -0.177194,  5.632555,  1.000000,  0.000000,  0.500000,  0.999977,  0.000000,  0.499998
9.744333  ,  -2.585414,  -0.206986,  5.657565,  -2.585317,  -0.206977,  5.657555,  1.000000,  0.000000,  0.500000,  0.999976,  0.000000,  0.499998
9.794333  ,  -2.544523,  -0.235757,  5.682565,  -2.544426,  -0.235747,  5.682555,  1.000000,  0.000000,  0.500000,  0.999974,  0.000000,  0.499998
9.844333  ,  -2.502924,  -0.263496,  5.707565,  -2.502829,  -0.263486,  5.707555,  1.000000,  0.000000,  0.500000,  0.999973,  0.000000,  0.499998
9.894333  ,  -2.460646,  -0.290186,  5.732565,  -2.460552,  -0.290176,  5.732554,  1.000000,  0.000000,  0.500000,  0.999971,  0.000000,  0.499998
9.944333  ,  -2.417713,  -0.315812,  5.757565,  -2.417621,  -0.315801,  5.757554,  1.000000,  0.000000,  0.500000,  0.999970,  0.000000,  0.499998
9.994333  ,  -2.374154,  -0.340356,  5.782565,  -2.374063,  -0.340345,  5.782554,  1.000000,  0.000000,  0.500000,  0.999968,  0.000000,  0.499998
10.044333  ,  -2.329994,  -0.363804,  5.807565,  -2.329905,  -0.363793,  5.807554,  1.000000,  0.000000,  0.500000,  0.999967,  0.000000,  0.499998
10.094333  ,  -2.285262,  -0.386140,  5.832565,  -2.285175,  -0.386129,  5.832554,  1.000000,  0.000000,  0.500000,  0.999965,  0.000000,  0.499998
10.144333  ,  -2.239986,  -0.407352,  5.857565,  -2.239900,  -0.407340,  5.857554,  1.000000,  0.000000,  0.500000,  0.999963,  0.000000,  0.499998
10.194333  ,  -2.194193,  -0.427425,  5.882565,  -2.194110,  -0.427413,  5.882554,  1.000000,  0.000000,  0.500000,  0.999961,  0.000000,  0.499998
10.244333  ,  -2.147913,  -0.446347,  5.907565,  -2.147832,  -0.446335,  5.907554,  1.000000,  0.000000,  0.500000,  0.999958,  0.000000,  0.499998
10.294333  ,  -2.101175,  -0.464106,  5.932565,  -2.101096,  -0.464094,  5.932554,  1.000000,  0.000000,  0.500000,  0.999956,  0.000000,  0.499998
10.344333  ,  -2.054007,  -0.480691,  5.957565,  -2.053930,  -0.480679,  5.957554,  1.000000,  0.000000,  0.500000,  0.999954,  0.000000,  0.499999
10.394333  ,  -2.006439,  -0.496092,  5.982565,  -2.006365,  -0.496080,  5.982553,  1.000000,  0.000000,  0.500000,  0.999951,  0.000000,  0.499999
10.444333  ,  -1.958502,  -0.510299,  6.007565,  -1.958430,  -0.510287,  6.007553,  1.000000,  0.000000,  0.500000,  0.999948,  0.000000,  0.499999
10.494333  ,  -1.910224,  -0.523304,  6.032565,  -1.910155,  -0.523291,  6.032553,  1.000000,  0.000000,  0.500000,  0.999946,  0.000000,  0.500000
10.544333  ,  -1.861636,  -0.535097,  6.057565,  -1.861569,  -0.535084,  6.057553,  1.000000,  0.000000,  0.500000,  0.999943,  0.000000,  0.500001
10.594333  ,  -1.812768,  -0.545673,  6.082565,  -1.812705,  -0.545659,  6.082553,  1.000000,  0.000000,  0.500000,  0.999940,  0.000000,  0.500001
10.644333  ,  -1.763652,  -0.555023,  6.107565,  -1.763591,  -0.555010,  6.107554,  1.000000,  0.000000,  0.500000,  0.999938,  0.000000,  0.500002
10.694333  ,  -1.714317,  -0.563143,  6.132565,  -1.714259,  -0.563130,  6.132554,  1.000000,  0.000000,  0.500000,  0.999935,  0.000000,  0.500003
10.744333  ,  -1.664794,  -0.570027,  6.157565,  -1.664740,  -0.570014,  6.157554,  1.000000,  0.000000,  0.500000,  0.999933,  0.000000,  0.500004
10.794333  ,  -1.615115,  -0.575670,  6.182565,  -1.615065,  -0.575658,  6.182554,  1.000000,  0.000000,  0.500000,  0.999931,  0.000000,  0.500006
10.844333  ,  -1.565310,  -0.580071,  6.207565,  -1.565263,  -0.580058,  6.207554,  1.000000,  0.000000,  0.500000,  0.999929,  0.000000,  0.500007
10.894333  ,  -1.515411,  -0.583225,  6.232565,  -1.515368,  -0.583212,  6.232555,  1.000000,  0.000000,  0.500000,  0.999928,  0.000000,  0.500008
10.944333  ,  -1.465449,  -0.585130,  6.257565,  -1.465409,  -0.585118,  6.257555,  1.000000,  0.000000,  0.500000,  0.999927,  0.000000,  0.500009
10.994333  ,  -1.415455,  -0.585786,  6.282565,  -1.415418,  -0.585774,  6.282556,  1.000000,  0.000000,  0.500000,  0.999927,  0.000000,  0.500010
11.044333  ,  -1.365459,  -0.585192,  6.307565,  -1.365427,  -0.585181,  6.307556,  1.000000,  0.000000,  0.500000,  0.999928,  0.000000,  0.500011
11.094333  ,  -1.315495,  -0.583349,  6.332565,  -1.315466,  -0.583338,  6.332557,  1.000000,  0.000000,  0.500000,  0.999929,  0.000000,  0.500012
11.144333  ,  -1.265592,  -0.580257,  6.357565,  -1.265566,  -0.580247,  6.357557,  1.000000,  0.000000,  0.500000,  0.999931,  0.000000,  0.500013
11.194333  ,  -1.215782,  -0.575918,  6.382565,  -1.215759,  -0.575909,  6.382558,  1.000000,  0.000000,  0.500000,  0.999933,  0.000000,  0.500013
11.244333  ,  -1.166095,  -0.570336,  6.407565,  -1.166077,  -0.570328,  6.407559,  1.000000,  0.000000,  0.500000,  0.999936,  0.000000,  0.500013
11.294333  ,  -1.116564,  -0.563514,  6.432565,  -1.116549,  -0.563506,  6.432559,  1.000000,  0.000000,  0.500000,  0.999940,  0.000000,  0.500013
11.344333  ,  -1.067219,  -0.555455,  6.457565,  -1.067206,  -0.555448,  6.457560,  1.000000,  0.000000,  0.500000,  0.999944,  0.000000,  0.500013
11.394333  ,  -1.018091,  -0.546166,  6.482565,  -1.018081,  -0.546159,  6.482561,  1.000000,  0.000000,  0.500000,  0.999949,  0.000000,  0.500012
11.444333  ,  -0.969211,  -0.535651,  6.507565,  -0.969203,  -0.535645,  6.507561,  1.000000,  0.000000,  0.500000,  0.999953,  0.000000,  0.500011
11.494333  ,  -0.920608,  -0.523918,  6.532565,  -0.920603,  -0.523913,  6.532562,  1.000000,  0.000000,  0.500000,  0.999958,  0.000000,  0.500010
11.544333  ,  -0.872314,  -0.510973,  6.557565,  -0.872310,  -0.510969,  6.557562,  1.000000,  0.000000,  0.500000,  0.999963,  0.000000,  0.500009
11.594333  ,  -0.824359,  -0.496826,  6.582565,  -0.824357,  -0.496822,  6.582563,  1.000000,  0.000000,  0.500000,  0.999968,  0.000000,  0.500008
11.644333  ,  -0.776772,  -0.481484,  6.607565,  -0.776772,  -0.481481,  6.607563,  1.000000,  0.000000,  0.500000,  0.999972,  0.000000,  0.500007
11.694333  ,  -0.729584,  -0.464957,  6.632565,  -0.729585,  -0.464955,  6.632563,  1.000000,  0.000000,  0.500000,  0.999976,  0.000000,  0.500006
11.744333  ,  -0.682823,  -0.447256,  6.657565,  -0.682825,  -0.447254,  6.657564,  1.000000,  0.000000,  0.500000,  0.999980,  0.000000,  0.500005
11.794333  ,  -0.636520,  -0.428391,  6.682565,  -0.636523,  -0.428390,  6.682564,  1.000000,  0.000000,  0.500000,  0.999984,  0.000000,  0.500004
11.844333  ,  -0.590703,  -0.408375,  6.707565,  -0.590706,  -0.408374,  6.707564,  1.000000,  0.000000,  0.500000,  0.999987,  0.000000,  0.500003
11.894333  ,  -0.545400,  -0.387220,  6.732565,  -0.545404,  -0.387219,  6.732564,  1.000000,  0.000000,  0.500000,  0.999990,  0.000000,  0.500002
11.944333  ,  -0.500640,  -0.364939,  6.757565,  -0.500645,  -0.364938,  6.757564,  1.000000,  0.000000,  0.500000,  0.999993,  0.000000,  0.500001
11.994333  ,  -0.456452,  -0.341546,  6.782565,  -0.456456,  -0.341546,  6.782564,  1.000000,  0.000000,  0.500000,  0.999995,  0.000000,  0.500001
12.044333  ,  -0.412862,  -0.317056,  6.807565,  -0.412867,  -0.317056,  6.807564,  1.000000,  0.000000,  0.500000,  0.999997,  0.000000,  0.500001
12.094333  ,  -0.369897,  -0.291484,  6.832565,  -0.369902,  -0.291483,  6.832564,  1.000000,  0.000000,  0.500000,  0.999998,  0.000000,  0.500000
12.144333  ,  -0.327586,  -0.264846,  6.857565,  -0.327591,  -0.264845,  6.857564,  1.000000,  0.000000,  0.500000,  0.999999,  0.000000,  0.500000
12.194333  ,  -0.285953,  -0.237158,  6.882565,  -0.285958,  -0.237158,  6.882564,  1.000000,  0.000000,  0.500000,  1.000000,  0.000000,  0.500000
12.244333  ,  -0.245026,  -0.208438,  6.907565,  -0.245031,  -0.208438,  6.907564,  1.000000,  0.000000,  0.500000,  1.000001,  0.000000,  0.500000
12.294333  ,  -0.204829,  -0.178705,  6.932565,  -0.204834,  -0.178705,  6.932564,  1.000000,  0.000000,  0.500000,  1.000001,  0.000000,  0.500000
12.344333  ,  -0.165388,  -0.147976,  6.957565,  -0.165393,  -0.147975,  6.957564,  1.000000,  0.000000,  0.500000,  1.000001,  0.000000,  0.500000
12.394333  ,  -0.126728,  -0.116270,  6.982565,  -0.126733,  -0.116270,  6.982564,  1.000000,  0.000000,  0.500000,  1.000001,  0.000000,  0.500000
12.444333  ,  -0.088872,  -0.083608,  7.007565,  -0.088877,  -0.083608,  7.007564,  1.000000,  0.000000,  0.500000,  1.000001,  0.000000,  0.500000
12.494333  ,  -0.051844,  -0.050010,  7.032565,  -0.051849,  -0.050009,  7.032564,  1.000000,  0.000000,  0.500000,  1.000001,  0.000000,  0.500000
12.544333  ,  -0.015668,  -0.015497,  7.057565,  -0.015673,  -0.015496,  7.057564,  1.000000,  0.000000,  0.500000,  1.000001,  0.000000,  0.500000
12.594333  ,  0.019634,  0.019910,  7.082565,  0.019629,  0.019911,  7.082564,  1.000000,  0.000000,  0.500000,  1.000001,  0.000000,  0.500000
12.644333  ,  0.054040,  0.056188,  7.107565,  0.054035,  0.056189,  7.107564,  1.000000,  0.000000,  0.500000,  1.000001,  0.000000,  0.500000
12.694333  ,  0.087528,  0.093315,  7.132565,  0.087523,  0.093316,  7.132564,  1.000000,  0.000000,  0.500000,  1.000001,  0.000000,  0.500000
12.744333  ,  0.120078,  0.131268,  7.157565,  0.120073,  0.131268,  7.157564,  1.000000,  0.000000,  0.500000,  1.000001,  0.000000,  0.500000
12.794333  ,  0.151669,  0.170022,  7.182565,  0.151664,  0.170022,  7.182564,  1.000000,  0.000000,  0.500000,  1.000000,  0.000000,  0.500000
12.844333  ,  0.182281,  0.209553,  7.207565,  0.182276,  0.209554,  7.207564,  1.000000,  0.000000,  0.500000,  1.000000,  0.000000,  0.500000
12.894333  ,  0.211895,  0.249838,  7.232565,  0.211891,  0.249839,  7.232564,  1.000000,  0.000000,  0.500000,  1.000000,  0.000000,  0.500000
12.944333  ,  0.240493,  0.290850,  7.257565,  0.240489,  0.290851,  7.257564,  1.000000,  0.000000,  0.500000,  1.000000,  0.000000,  0.500000
12.994333  ,  0.268058,  0.332565,  7.282565,  0.268053,  0.332565,  7.282564,  1.000000,  0.000000,  0.500000,  1.000000,  0.000000,  0.500000
13.044333  ,  0.294570,  0.374955,  7.307565,  0.294566,  0.374956,  7.307564,  1.000000,  0.000000,  0.500000,  1.000000,  0.000000,  0.500000
13.094333  ,  0.320015,  0.417995,  7.332565,  0.320011,  0.417996,  7.332564,  1.000000,  0.000000,  0.500000,  1.000000,  0.000000,  0.500000
13.144333  ,  0.344376,  0.461658,  7.357565,  0.344372,  0.461658,  7.357564,  1.000000,  0.000000,  0.500000,  1.000000,  0.000000,  0.500000
13.194333  ,  0.367638,  0.505915,  7.382565,  0.367634,  0.505916,  7.382564,  1.000000,  0.000000,  0.500000,  1.000000,  0.000000,  0.500000
13.244333  ,  0.389786,  0.550741,  7.407565,  0.389782,  0.550741,  7.407564,  1.000000,  0.000000,  0.500000,  1.000000,  0.000000,  0.500000
13.294333  ,  0.410807,  0.596106,  7.432565,  0.410803,  0.596106,  7.432564,  1.000000,  0.000000,  0.500000,  1.000000,  0.000000,  0.500000
13.344333  ,  0.430687,  0.641982,  7.457565,  0.430683,  0.641983,  7.457564,  1.000000,  0.000000,  0.500000,  1.000000,  0.000000,  0.500000
13.394333  ,  0.449415,  0.688341,  7.482565,  0.449410,  0.688342,  7.482564,  1.000000,  0.000000,  0.500000,  1.000000,  0.000000,  0.500000
13.444333  ,  0.466977,  0.735154,  7.507565,  0.466973,  0.735154,  7.507564,  1.000000,  0.000000,  0.500000,  1.000000,  0.000000,  0.500000
13.494333  ,  0.483364,  0.782391,  7.532565,  0.483360,  0.782391,  7.532564,  1.000000,  0.000000,  0.500000,  1.000000,  0.000000,  0.500000
13.544333  ,  0.498565,  0.830023,  7.557565,  0.498561,  0.830023,  7.557564,  1.000000,  0.000000,  0.500000,  1.000000,  0.000000,  0.500000
13.594333  ,  0.512570,  0.878020,  7.582565,  0.512566,  0.878020,  7.582564,  1.000000,  0.000000,  0.500000,  1.000000,  0.000000,  0.500000
13.644333  ,  0.525372,  0.926352,  7.607565,  0.525368,  0.926353,  7.607564,  1.000000,  0.000000,  0.500000,  1.000000,  0.000000,  0.500000
13.694333  ,  0.536961,  0.974989,  7.632565,  0.536957,  0.974990,  7.632564,  1.000000,  0.000000,  0.500000,  1.000000,  0.000000,  0.500000
13.744333  ,  0.547331,  1.023901,  7.657565,  0.547327,  1.023901,  7.657564,  1.000000,  0.000000,  0.500000,  1.000000,  0.000000,  0.500000
13.794333  ,  0.556475,  1.073056,  7.682565,  0.556470,  1.073057,  7.682564,  1.000000,  0.000000,  0.500000,  1.000000,  0.000000,  0.500000
13.844333  ,  0.564387,  1.122425,  7.707565,  0.564383,  1.122425,  7.707564,  1.000000,  0.000000,  0.500000,  1.000000,  0.000000,  0.500000
13.894333  ,  0.571062,  1.171976,  7.732565,  0.571058,  1.171976,  7.732564,  1.000000,  0.000000,  0.500000,  1.000000,  0.000000,  0.500000
13.944333  ,  0.576497,  1.221679,  7.757565,  0.576493,  1.221679,  7.757564,  1.000000,  0.000000,  0.500000,  1.000000,  0.000000,  0.500000
13.994333  ,  0.580688,  1.271501,  7.782565,  0.580684,  1.271501,  7.782564,  1.000000,  0.000000,  0.500000,  1.000000,  0.000000,  0.500000
14.044333  ,  0.583632,  1.321413,  7.807565,  0.583628,  1.321413,  7.807564,  1.000000,  0.000000,  0.500000,  1.000000,  0.000000,  0.500000
14.094333  ,  0.585328,  1.371383,  7.832565,  0.585324,  1.371383,  7.832564,  1.000000,  0.000000,  0.500000,  1.000000,  0.000000,  0.500000
14.144333  ,  0.585774,  1.421380,  7.857565,  0.585770,  1.421380,  7.857564,  1.000000,  0.000000,  0.500000,  1.000000,  0.000000,  0.500000
14.194333  ,  0.584969,  1.471372,  7.882565,  0.584965,  1.471372,  7.882564,  1.000000,  0.000000,  0.500000,  1.000000,  0.000000,  0.500000
14.244333  ,  0.582916,  1.521329,  7.907565,  0.582912,  1.521329,  7.907564,  1.000000,  0.000000,  0.500000,  1.000000,  0.000000,  0.500000
14.294333  ,  0.579614,  1.571218,  7.932565,  0.579610,  1.571218,  7.932564,  1.000000,  0.000000,  0.500000,  1.000000,  0.000000,  0.500000
14.344333  ,  0.575067,  1.621010,  7.957565,  0.575063,  1.621010,  7.957564,  1.000000,  0.000000,  0.500000,  1.000000,  0.000000,  0.500000
14.394333  ,  0.569276,  1.670672,  7.982565,  0.569272,  1.670672,  7.982564,  1.000000,  0.000000,  0.500000,  1.000000,  0.000000,  0.500000
14.444333  ,  0.562245,  1.720174,  8.007565,  0.562241,  1.720174,  8.007565,  1.000000,  0.000000,  0.500000,  1.000000,  0.000000,  0.500000
14.494333  ,  0.553979,  1.769484,  8.032565,  0.553975,  1.769484,  8.032565,  1.000000,  0.000000,  0.500000,  1.000000,  0.000000,  0.500000
14.544333  ,  0.544483,  1.818573,  8.057565,  0.544479,  1.818573,  8.057565,  1.000000,  0.000000,  0.500000,  1.000000,  0.000000,  0.500000
14.594333  ,  0.533763,  1.867409,  8.082565,  0.533759,  1.867409,  8.082565,  1.000000,  0.000000,  0.500000,  1.000000,  0.000000,  0.500000
14.644333  ,  0.521826,  1.915962,  8.107565,  0.521822,  1.915962,  8.107565,  1.000000,  0.000000,  0.500000,  1.000000,  0.000000,  0.500000
14.694333  ,  0.508678,  1.964201,  8.132565,  0.508675,  1.964201,  8.132565,  1.000000,  0.000000,  0.500000,  1.000000,  0.000000,  0.500000
14.744333  ,  0.494329,  2.012096,  8.157565,  0.494325,  2.012096,  8.157565,  1.000000,  0.000000,  0.500000,  1.000000,  0.000000,  0.500000
14.794333  ,  0.478787,  2.059618,  8.182565,  0.478784,  2.059618,  8.182565,  1.000000,  0.000000,  0.500000,  1.000000,  0.000000,  0.500000
14.844333  ,  0.462062,  2.106737,  8.207565,  0.462059,  2.106737,  8.207565,  1.000000,  0.000000,  0.500000,  1.000000,  0.000000,  0.500000
14.894333  ,  0.444165,  2.153422,  8.232565,  0.444161,  2.153422,  8.232565,  1.000000,  0.000000,  0.500000,  1.000000,  0.000000,  0.500000
14.944333  ,  0.425106,  2.199646,  8.257565,  0.425102,  2.199646,  8.257565,  1.000000,  0.000000,  0.500000,  1.000000,  0.000000,  0.500000
14.994333  ,  0.404897,  2.245379,  8.282565,  0.404894,  2.245378,  8.282565,  1.000000,  0.000000,  0.500000,  1.000000,  0.000000,  0.500000
15.044333  ,  0.383552,  2.290592,  8.307565,  0.383548,  2.290592,  8.307565,  1.000000,  0.000000,  0.500000,  1.000000,  0.000000,  0.500000
15.094333  ,  0.361083,  2.335258,  8.332565,  0.361079,  2.335257,  8.332565,  1.000000,  0.000000,  0.500000,  1.000000,  0.000000,  0.500000
15.144333  ,  0.337505,  2.379347,  8.357565,  0.337501,  2.379347,  8.357564,  1.000000,  0.000000,  0.500000,  1.000000,  0.000000,  0.500000
15.194333  ,  0.312831,  2.422834,  8.382565,  0.312828,  2.422834,  8.382564,  1.000000,  0.000000,  0.500000,  1.000000,  0.000000,  0.500000
15.244333  ,  0.287079,  2.465691,  8.407565,  0.287075,  2.465691,  8.407564,  1.000000,  0.000000,  0.500000,  1.000000,  0.000000,  0.500000
15.294333  ,  0.260263,  2.507890,  8.432565,  0.260259,  2.507890,  8.432564,  1.000000,  0.000000,  0.500000,  1.000000,  0.000000,  0.500000
15.344333  ,  0.232401,  2.549406,  8.457565,  0.232397,  2.549406,  8.457564,  1.000000,  0.000000,  0.500000,  1.000000,  0.000000,  0.500000
15.394333  ,  0.203509,  2.590212,  8.482565,  0.203506,  2.590212,  8.482564,  1.000000,  0.000000,  0.500000,  1.000000,  0.000000,  0.500000
15.444333  ,  0.173607,  2.630284,  8.507565,  0.173603,  2.630283,  8.507564,  1.000000,  0.000000,  0.500000,  1.000000,  0.000000,  0.500000
15.494333  ,  0.142712,  2.669595,  8.532565,  0.142709,  2.669595,  8.532564,  1.000000,  0.000000,  0.500000,  1.000000,  0.000000,  0.500000
15.544333  ,  0.110844,  2.708122,  8.557565,  0.110841,  2.708122,  8.557564,  1.000000,  0.000000,  0.500000,  0.999999,  0.000000,  0.500000
15.594333  ,  0.078023,  2.745840,  8.582565,  0.078020,  2.745840,  8.582564,  1.000000,  0.000000,  0.500000,  0.999999,  0.000000,  0.500000
15.644333  ,  0.044270,  2.782726,  8.607565,  0.044266,  2.782726,  8.607564,  1.000000,  0.000000,  0.500000,  0.999999,  0.000000,  0.500000
15.694333  ,  0.009605,  2.818756,  8.632565,  0.009602,  2.818756,  8.632564,  1.000000,  0.000000,  0.500000,  0.999999,  0.000000,  0.500000
15.744333  ,  -0.025950,  2.853909,  8.657565,  -0.025953,  2.853909,  8.657564,  1.000000,  0.000000,  0.500000,  0.999999,  0.000000,  0.500000
15.794333  ,  -0.062372,  2.888162,  8.682565,  -0.062376,  2.888162,  8.682564,  1.000000,  0.000000,  0.500000,  0.999999,  0.000000,  0.500000
15.844333  ,  -0.099640,  2.921494,  8.707565,  -0.099643,  2.921494,  8.707564,  1.000000,  0.000000,  0.500000,  0.999999,  0.000000,  0.500000
15.894333  ,  -0.137729,  2.953884,  8.732565,  -0.137732,  2.953884,  8.732564,  1.000000,  0.000000,  0.500000,  0.999999,  0.000000,  0.500000
15.944333  ,  -0.176615,  2.985312,  8.757565,  -0.176618,  2.985312,  8.757564,  1.000000,  0.000000,  0.500000,  0.999999,  0.000000,  0.500000
15.994333  ,  -0.216275,  3.015758,  8.782565,  -0.216278,  3.015757,  8.782564,  1.000000,  0.000000,  0.500000,  0.999999,  0.000000,  0.500000
16.044333  ,  -0.256684,  3.045203,  8.807565,  -0.256687,  3.045202,  8.807564,  1.000000,  0.000000,  0.500000,  0.999999,  0.000000,  0.500000
16.094333  ,  -0.297816,  3.073628,  8.832565,  -0.297819,  3.073628,  8.832564,  1.000000,  0.000000,  0.500000,  0.999999,  0.000000,  0.500000
16.144333  ,  -0.339646,  3.101017,  8.857565,  -0.339649,  3.101016,  8.857564,  1.000000,  0.000000,  0.500000,  0.999999,  0.000000,  0.500000
16.194333  ,  -0.382148,  3.127351,  8.882565,  -0.382151,  3.127351,  8.882564,  1.000000,  0.000000,  0.500000,  0.999999,  0.000000,  0.500000
16.244333  ,  -0.425294,  3.152615,  8.907565,  -0.425297,  3.152614,  8.907564,  1.000000,  0.000000,  0.500000,  0.999999,  0.000000,  0.500000
16.294333  ,  -0.469059,  3.176792,  8.932565,  -0.469062,  3.176791,  8.932564,  1.000000,  0.000000,  0.500000,  0.999999,  0.000000,  0.500000
16.344333  ,  -0.513414,  3.199867,  8.957565,  -0.513417,  3.199867,  8.957564,  1.000000,  0.000000,  0.500000,  0.999999,  0.000000,  0.500000
16.394333  ,  -0.558332,  3.221827,  8.982565,  -0.558335,  3.221827,  8.982564,  1.000000,  0.000000,  0.500000,  0.999999,  0.000000,  0.500000
16.444333  ,  -0.603785,  3.242657,  9.007565,  -0.603788,  3.242657,  9.007564,  1.000000,  0.000000,  0.500000,  0.999999,  0.000000,  0.500000
16.494333  ,  -0.649745,  3.262344,  9.032565,  -0.649747,  3.262344,  9.032564,  1.000000,  0.000000,  0.500000,  0.999999,  0.000000,  0.500000
16.544333  ,  -0.696182,  3.280877,  9.057565,  -0.696185,  3.280876,  9.057564,  1.000000,  0.000000,  0.500000,  0.999999,  0.000000,  0.500000
16.594333  ,  -0.743068,  3.298242,  9.082565,  -0.743071,  3.298242,  9.082564,  1.000000,  0.000000,  0.500000,  0.999999,  0.000000,  0.500000
16.644333  ,  -0.790374,  3.314430,  9.107565,  -0.790376,  3.314430,  9.107564,  1.000000,  0.000000,  0.500000,  0.999998,  0.000000,  0.500000
16.694333  ,  -0.838069,  3.329431,  9.132565,  -0.838071,  3.329430,  9.132564,  1.000000,  0.000000,  0.500000,  0.999998,  0.000000,  0.500000
16.744333  ,  -0.886124,  3.343235,  9.157565,  -0.886127,  3.343234,  9.157564,  1.000000,  0.000000,  0.500000,  0.999998,  0.000000,  0.500000
16.794333  ,  -0.934510,  3.355833,  9.182565,  -0.934512,  3.355832,  9.182564,  1.000000,  0.000000,  0.500000,  0.999998,  0.000000,  0.500000
16.844333  ,  -0.983195,  3.367217,  9.207565,  -0.983197,  3.367217,  9.207564,  1.000000,  0.000000,  0.500000,  0.999998,  0.000000,  0.500000
16.894333  ,  -1.032150,  3.377381,  9.232565,  -1.032152,  3.377381,  9.232564,  1.000000,  0.000000,  0.500000,  0.999998,  0.000000,  0.500000
16.944333  ,  -1.081343,  3.386318,  9.257565,  -1.081345,  3.386318,  9.257564,  1.000000,  0.000000,  0.500000,  0.999998,  0.000000,  0.500000
16.994333  ,  -1.130745,  3.394023,  9.282565,  -1.130747,  3.394023,  9.282564,  1.000000,  0.000000,  0.500000,  0.999998,  0.000000,  0.500000
17.044333  ,  -1.180324,  3.400490,  9.307565,  -1.180325,  3.400490,  9.307564,  1.000000,  0.000000,  0.500000,  0.999998,  0.000000,  0.500000
17.094333  ,  -1.230048,  3.405716,  9.332565,  -1.230050,  3.405716,  9.332564,  1.000000,  0.000000,  0.500000,  0.999998,  0.000000,  0.500000
17.144333  ,  -1.279888,  3.409698,  9.357565,  -1.279890,  3.409697,  9.357564,  1.000000,  0.000000,  0.500000,  0.999998,  0.000000,  0.500000
17.194333  ,  -1.329812,  3.412432,  9.382565,  -1.329814,  3.412431,  9.382564,  1.000000,  0.000000,  0.500000,  0.999998,  0.000000,  0.500000
17.244333  ,  -1.379789,  3.413917,  9.407565,  -1.379790,  3.413917,  9.407564,  1.000000,  0.000000,  0.500000,  0.999998,  0.000000,  0.500000
17.294333  ,  -1.429787,  3.414153,  9.432565,  -1.429788,  3.414153,  9.432564,  1.000000,  0.000000,  0.500000,  0.999998,  0.000000,  0.500000
17.344333  ,  -1.479775,  3.413139,  9.457565,  -1.479777,  3.413138,  9.457565,  1.000000,  0.000000,  0.500000,  0.999998,  0.000000,  0.500000
17.394333  ,  -1.529723,  3.410875,  9.482565,  -1.529724,  3.410875,  9.482565,  1.000000,  0.000000,  0.500000,  0.999998,  0.000000,  0.500000
17.444333  ,  -1.579598,  3.407364,  9.507565,  -1.579599,  3.407363,  9.507565,  1.000000,  0.000000,  0.500000,  0.999998,  0.000000,  0.500000
17.494333  ,  -1.629370,  3.402607,  9.532565,  -1.629371,  3.402607,  9.532565,  1.000000,  0.000000,  0.500000,  0.999998,  0.000000,  0.500000
17.544333  ,  -1.679007,  3.396607,  9.557565,  -1.679008,  3.396607,  9.557565,  1.000000,  0.000000,  0.500000,  0.999998,  0.000000,  0.500000
17.594333  ,  -1.728479,  3.389368,  9.582565,  -1.728480,  3.389368,  9.582565,  1.000000,  0.000000,  0.500000,  0.999998,  0.000000,  0.500000
17.644333  ,  -1.777755,  3.380895,  9.607565,  -1.777755,  3.380895,  9.607565,  1.000000,  0.000000,  0.500000,  0.999998,  0.000000,  0.500000
17.694333  ,  -1.826803,  3.371193,  9.632565,  -1.826804,  3.371193,  9.632565,  1.000000,  0.000000,  0.500000,  0.999998,  0.000000,  0.500000
17.744333  ,  -1.875594,  3.360268,  9.657565,  -1.875594,  3.360268,  9.657565,  1.000000,  0.000000,  0.500000,  0.999999,  0.000000,  0.500000
17.794333  ,  -1.924096,  3.348127,  9.682565,  -1.924096,  3.348127,  9.682565,  1.000000,  0.000000,  0.500000,  0.999999,  0.000000,  0.500000
17.844333  ,  -1.972279,  3.334777,  9.707565,  -1.972279,  3.334777,  9.707565,  1.000000,  0.000000,  0.500000,  0.999999,  0.000000,  0.500000
17.894333  ,  -2.020114,  3.320226,  9.732565,  -2.020114,  3.320226,  9.732565,  1.000000,  0.000000,  0.500000,  0.999999,  0.000000,  0.500000
17.944333  ,  -2.067570,  3.304485,  9.757565,  -2.067570,  3.304485,  9.757565,  1.000000,  0.000000,  0.500000,  0.999999,  0.000000,  0.500000
17.994333  ,  -2.114618,  3.287562,  9.782565,  -2.114618,  3.287562,  9.782565,  1.000000,  0.000000,  0.500000,  0.999999,  0.000000,  0.500000
18.044333  ,  -2.161228,  3.269468,  9.807565,  -2.161228,  3.269468,  9.807565,  1.000000,  0.000000,  0.500000,  0.999999,  0.000000,  0.500000
18.094333  ,  -2.207371,  3.250215,  9.832565,  -2.207371,  3.250215,  9.832565,  1.000000,  0.000000,  0.500000,  1.000000,  0.000000,  0.500000
18.144333  ,  -2.253018,  3.229815,  9.857565,  -2.253018,  3.229814,  9.857565,  1.000000,  0.000000,  0.500000,  1.000000,  0.000000,  0.500000
18.194333  ,  -2.298141,  3.208279,  9.882565,  -2.298141,  3.208279,  9.882565,  1.000000,  0.000000,  0.500000,  1.000000,  0.000000,  0.500000
18.244333  ,  -2.342712,  3.185623,  9.907565,  -2.342712,  3.185623,  9.907565,  1.000000,  0.000000,  0.500000,  1.000000,  0.000000,  0.500000
18.294333  ,  -2.386703,  3.161859,  9.932565,  -2.386702,  3.161859,  9.932565,  1.000000,  0.000000,  0.500000,  1.000000,  0.000000,  0.500000
18.344333  ,  -2.430085,  3.137003,  9.957565,  -2.430085,  3.137003,  9.957565,  1.000000,  0.000000,  0.500000,  1.000000,  0.000000,  0.500000
18.394333  ,  -2.472833,  3.111071,  9.982565,  -2.472833,  3.111071,  9.982565,  1.000000,  0.000000,  0.500000,  1.000000,  0.000000,  0.500000
18.444333  ,  -2.514919,  3.084078,  10.007565,  -2.514919,  3.084078,  10.007565,  1.000000,  0.000000,  0.500000,  1.000000,  0.000000,  0.500000
18.494333  ,  -2.556318,  3.056041,  10.032565,  -2.556317,  3.056041,  10.032565,  1.000000,  0.000000,  0.500000,  1.000000,  0.000000,  0.500000
18.544333  ,  -2.597002,  3.026979,  10.057565,  -2.597002,  3.026979,  10.057565,  1.000000,  0.000000,  0.500000,  1.000000,  0.000000,  0.500000
18.594333  ,  -2.636947,  2.996908,  10.082565,  -2.636947,  2.996908,  10.082565,  1.000000,  0.000000,  0.500000,  1.000000,  0.000000,  0.500000
18.644333  ,  -2.676129,  2.965848,  10.107565,  -2.676128,  2.965848,  10.107565,  1.000000,  0.000000,  0.500000,  1.000000,  0.000000,  0.500000
18.694333  ,  -2.714521,  2.933819,  10.132565,  -2.714521,  2.933819,  10.132565,  1.000000,  0.000000,  0.500000,  1.000000,  0.000000,  0.500000
18.744333  ,  -2.752101,  2.900840,  10.157565,  -2.752101,  2.900840,  10.157565,  1.000000,  0.000000,  0.500000,  1.000000,  0.000000,  0.500000
18.794333  ,  -2.788845,  2.866931,  10.182565,  -2.788845,  2.866931,  10.182565,  1.000000,  0.000000,  0.500000,  1.000000,  0.000000,  0.500000
18.844333  ,  -2.824729,  2.832115,  10.207565,  -2.824729,  2.832115,  10.207565,  1.000000,  0.000000,  0.500000,  1.000000,  0.000000,  0.500000
18.894333  ,  -2.859732,  2.796413,  10.232565,  -2.859732,  2.796413,  10.232565,  1.000000,  0.000000,  0.500000,  1.000000,  0.000000,  0.500000
18.944333  ,  -2.893832,  2.759847,  10.257565,  -2.893832,  2.759847,  10.257565,  1.000000,  0.000000,  0.500000,  1.000000,  0.000000,  0.500000
18.994333  ,  -2.927007,  2.722440,  10.282565,  -2.927007,  2.722440,  10.282565,  1.000000,  0.000000,  0.500000,  1.000000,  0.000000,  0.500000
19.044333  ,  -2.959237,  2.684215,  10.307565,  -2.959236,  2.684215,  10.307565,  1.000000,  0.000000,  0.500000,  1.000000,  0.000000,  0.500000
19.094333  ,  -2.990501,  2.645197,  10.332565,  -2.990500,  2.645197,  10.332565,  1.000000,  0.000000,  0.500000,  1.000000,  0.000000,  0.500000
19.144333  ,  -3.020779,  2.605409,  10.357565,  -3.020779,  2.605409,  10.357565,  1.000000,  0.000000,  0.500000,  1.000000,  0.000000,  0.500000
19.194333  ,  -3.050054,  2.564877,  10.382565,  -3.050054,  2.564877,  10.382565,  1.000000,  0.000000,  0.500000,  1.000000,  0.000000,  0.500000
19.244333  ,  -3.078307,  2.523625,  10.407565,  -3.078306,  2.523625,  10.407565,  1.000000,  0.000000,  0.500000,  1.000000,  0.000000,  0.500000
19.294333  ,  -3.105519,  2.481681,  10.432565,  -3.105519,  2.481681,  10.432565,  1.000000,  0.000000,  0.500000,  1.000000,  0.000000,  0.500000
19.344333  ,  -3.131674,  2.439069,  10.457565,  -3.131674,  2.439069,  10.457565,  1.000000,  0.000000,  0.500000,  1.000000,  0.000000,  0.500000
19.394333  ,  -3.156756,  2.395817,  10.482565,  -3.156756,  2.395817,  10.482565,  1.000000,  0.000000,  0.500000,  1.000000,  0.000000,  0.500000
19.444333  ,  -3.180749,  2.351951,  10.507565,  -3.180749,  2.351951,  10.507565,  1.000000,  0.000000,  0.500000,  1.000000,  0.000000,  0.500000
19.494333  ,  -3.203638,  2.307499,  10.532565,  -3.203638,  2.307499,  10.532565,  1.000000,  0.000000,  0.500000,  1.000000,  0.000000,  0.500000
19.544333  ,  -3.225409,  2.262489,  10.557565,  -3.225409,  2.262489,  10.557565,  1.000000,  0.000000,  0.500000,  1.000000,  0.000000,  0.500000
19.594333  ,  -3.246048,  2.216949,  10.582565,  -3.246048,  2.216949,  10.582565,  1.000000,  0.000000,  0.500000,  1.000000,  0.000000,  0.500000
19.644333  ,  -3.265542,  2.170907,  10.607565,  -3.265541,  2.170907,  10.607565,  1.000000,  0.000000,  0.500000,  1.000000,  0.000000,  0.500000
19.694333  ,  -3.283878,  2.124392,  10.632565,  -3.283878,  2.124392,  10.632565,  1.000000,  0.000000,  0.500000,  1.000000,  0.000000,  0.500000
19.744333  ,  -3.301047,  2.077433,  10.657565,  -3.301047,  2.077433,  10.657565,  1.000000,  0.000000,  0.500000,  1.000000,  0.000000,  0.500000
19.794333  ,  -3.317036,  2.030060,  10.682565,  -3.317036,  2.030060,  10.682565,  1.000000,  0.000000,  0.500000,  1.000000,  0.000000,  0.500000
19.844333  ,  -3.331836,  1.982302,  10.707565,  -3.331836,  1.982302,  10.707565,  1.000000,  0.000000,  0.500000,  1.000000,  0.000000,  0.500000
19.894333  ,  -3.345437,  1.934189,  10.732565,  -3.345437,  1.934189,  10.732565,  1.000000,  0.000000,  0.500000,  1.000000,  0.000000,  0.500000
19.944333  ,  -3.357832,  1.885751,  10.757565,  -3.357832,  1.885751,  10.757565,  1.000000,  0.000000,  0.500000,  1.000000,  0.000000,  0.500000
19.994333  ,  -3.369012,  1.837018,  10.782565,  -3.369012,  1.837018,  10.782565,  1.000000,  0.000000,  0.500000,  1.000000,  0.000000,  0.500000
20.044333  ,  -3.378970,  1.788021,  10.807565,  -3.378970,  1.788021,  10.807565,  1.000000,  0.000000,  0.500000,  1.000000,  0.000000,  0.500000
20.094333  ,  -3.387700,  1.738791,  10.832565,  -3.387700,  1.738791,  10.832565,  1.000000,  0.000000,  0.500000,  1.000000,  0.000000,  0.500000
20.144333  ,  -3.395197,  1.689357,  10.857565,  -3.395197,  1.689357,  10.857565,  1.000000,  0.000000,  0.500000,  1.000000,  0.000000,  0.500000
20.194333  ,  -3.401456,  1.639752,  10.882565,  -3.401456,  1.639752,  10.882565,  1.000000,  0.000000,  0.500000,  1.000000,  0.000000,  0.500000
20.244333  ,  -3.406473,  1.590005,  10.907565,  -3.406473,  1.590005,  10.907565,  1.000000,  0.000000,  0.500000,  1.000000,  0.000000,  0.500000
20.294333  ,  -3.410245,  1.540149,  10.932565,  -3.410245,  1.540149,  10.932565,  1.000000,  0.000000,  0.500000,  1.000000,  0.000000,  0.500000
20.344333  ,  -3.412769,  1.490214,  10.957565,  -3.412769,  1.490214,  10.957565,  1.000000,  0.000000,  0.500000,  1.000000,  0.000000,  0.500000
20.394333  ,  -3.414044,  1.440232,  10.982565,  -3.414044,  1.440232,  10.982565,  1.000000,  0.000000,  0.500000,  1.000000,  0.000000,  0.500000
20.444333  ,  -3.414070,  1.390233,  11.007565,  -3.414070,  1.390233,  11.007565,  1.000000,  0.000000,  0.500000,  1.000000,  0.000000,  0.500000
20.494333  ,  -3.412845,  1.340249,  11.032565,  -3.412845,  1.340249,  11.032565,  1.000000,  0.000000,  0.500000,  1.000000,  0.000000,  0.500000
20.544333  ,  -3.410372,  1.290312,  11.057565,  -3.410372,  1.290312,  11.057565,  1.000000,  0.000000,  0.500000,  1.000000,  0.000000,  0.500000
20.594333  ,  -3.406651,  1.240452,  11.082565,  -3.406651,  1.240452,  11.082565,  1.000000,  0.000000,  0.500000,  1.000000,  0.000000,  0.500000
20.644333  ,  -3.401685,  1.190700,  11.107565,  -3.401685,  1.190700,  11.107565,  1.000000,  0.000000,  0.500000,  1.000000,  0.000000,  0.500000
20.694333  ,  -3.395476,  1.141089,  11.132565,  -3.395476,  1.141089,  11.132565,  1.000000,  0.000000,  0.500000,  1.000000,  0.000000,  0.500000
20.744333  ,  -3.388030,  1.091648,  11.157565,  -3.388030,  1.091648,  11.157565,  1.000000,  0.000000,  0.500000,  1.000000,  0.000000,  0.500000
20.794333  ,  -3.379350,  1.042408,  11.182565,  -3.379350,  1.042408,  11.182565,  1.000000,  0.000000,  0.500000,  1.000000,  0.000000,  0.500000
20.844333  ,  -3.369442,  0.993401,  11.207565,  -3.369442,  0.993401,  11.207565,  1.000000,  0.000000,  0.500000,  1.000000,  0.000000,  0.500000
20.894333  ,  -3.358311,  0.944657,  11.232565,  -3.358311,  0.944657,  11.232565,  1.000000,  0.000000,  0.500000,  1.000000,  0.000000,  0.500000
20.944333  ,  -3.345966,  0.896206,  11.257565,  -3.345966,  0.896206,  11.257565,  1.000000,  0.000000,  0.500000,  1.000000,  0.000000,  0.500000
20.994333  ,  -3.332414,  0.848079,  11.282565,  -3.332414,  0.848079,  11.282565,  1.000000,  0.000000,  0.500000,  1.000000,  0.000000,  0.500000
21.044333  ,  -3.317662,  0.800306,  11.307565,  -3.317662,  0.800306,  11.307565,  1.000000,  0.000000,  0.500000,  1.000000,  0.000000,  0.500000
21.094333  ,  -3.301722,  0.752917,  11.332565,  -3.301721,  0.752917,  11.332565,  1.000000,  0.000000,  0.500000,  1.000000,  0.000000,  0.500000
21.144333  ,  -3.284601,  0.705941,  11.357565,  -3.284601,  0.705941,  11.357565,  1.000000,  0.000000,  0.500000,  1.000000,  0.000000,  0.500000
21.194333  ,  -3.266312,  0.659407,  11.382565,  -3.266312,  0.659407,  11.382565,  1.000000,  0.000000,  0.500000,  1.000000,  0.000000,  0.500000
21.244333  ,  -3.246865,  0.613345,  11.407565,  -3.246865,  0.613345,  11.407565,  1.000000,  0.000000,  0.500000,  1.000000,  0.000000,  0.500000
21.294333  ,  -3.226272,  0.567784,  11.432565,  -3.226272,  0.567784,  11.432565,  1.000000,  0.000000,  0.500000,  1.000000,  0.000000,  0.500000
21.344333  ,  -3.204548,  0.522752,  11.457565,  -3.204548,  0.522752,  11.457565,  1.000000,  0.000000,  0.500000,  1.000000,  0.000000,  0.500000
21.394333  ,  -3.181704,  0.478277,  11.482565,  -3.181704,  0.478277,  11.482565,  1.000000,  0.000000,  0.500000,  1.000000,  0.000000,  0.500000
21.444333  ,  -3.157756,  0.434387,  11.507565,  -3.157756,  0.434387,  11.507565,  1.000000,  0.000000,  0.500000,  1.000000,  0.000000,  0.500000
21.494333  ,  -3.132718,  0.391109,  11.532565,  -3.132718,  0.391109,  11.532565,  1.000000,  0.000000,  0.500000,  1.000000,  0.000000,  0.500000
21.544333  ,  -3.106606,  0.348470,  11.557565,  -3.106606,  0.348470,  11.557565,  1.000000,  0.000000,  0.500000,  1.000000,  0.000000,  0.500000
21.594333  ,  -3.079436,  0.306498,  11.582565,  -3.079436,  0.306498,  11.582565,  1.000000,  0.000000,  0.500000,  1.000000,  0.000000,  0.500000
21.644333  ,  -3.051226,  0.265218,  11.607565,  -3.051226,  0.265218,  11.607565,  1.000000,  0.000000,  0.500000,  1.000000,  0.000000,  0.500000
21.694333  ,  -3.021992,  0.224656,  11.632565,  -3.021992,  0.224656,  11.632565,  1.000000,  0.000000,  0.500000,  1.000000,  0.000000,  0.500000
21.744333  ,  -2.991754,  0.184837,  11.657565,  -2.991754,  0.184837,  11.657565,  1.000000,  0.000000,  0.500000,  1.000000,  0.000000,  0.500000
21.794333  ,  -2.960530,  0.145787,  11.682565,  -2.960530,  0.145787,  11.682565,  1.000000,  0.000000,  0.500000,  1.000000,  0.000000,  0.500000
21.844333  ,  -2.928339,  0.107530,  11.707565,  -2.928339,  0.107530,  11.707565,  1.000000,  0.000000,  0.500000,  1.000000,  0.000000,  0.500000
21.894333  ,  -2.895203,  0.070089,  11.732565,  -2.895202,  0.070089,  11.732565,  1.000000,  0.000000,  0.500000,  1.000000,  0.000000,  0.500000
21.944333  ,  -2.861140,  0.033488,  11.757565,  -2.861140,  0.033488,  11.757565,  1.000000,  0.000000,  0.500000,  1.000000,  0.000000,  0.500000
21.994333  ,  -2.826173,  -0.002250,  11.782565,  -2.826173,  -0.002250,  11.782565,  1.000000,  0.000000,  0.500000,  1.000000,  0.000000,  0.500000
22.044333  ,  -2.790324,  -0.037103,  11.807565,  -2.790324,  -0.037103,  11.807565,  1.000000,  0.000000,  0.500000,  1.000000,  0.000000,  0.500000
22.094333  ,  -2.753615,  -0.071048,  11.832565,  -2.753615,  -0.071048,  11.832565,  1.000000,  0.000000,  0.500000,  1.000000,  0.000000,  0.500000
22.144333  ,  -2.716069,  -0.104066,  11.857565,  -2.716069,  -0.104066,  11.857565,  1.000000,  0.000000,  0.500000,  1.000000,  0.000000,  0.500000
22.194333  ,  -2.677709,  -0.136134,  11.882565,  -2.677709,  -0.136134,  11.882565,  1.000000,  0.000000,  0.500000,  1.000000,  0.000000,  0.500000
22.244333  ,  -2.638560,  -0.167234,  11.907565,  -2.638560,  -0.167234,  11.907565,  1.000000,  0.000000,  0.500000,  1.000000,  0.000000,  0.500000
22.294333  ,  -2.598645,  -0.197345,  11.932565,  -2.598645,  -0.197345,  11.932565,  1.000000,  0.000000,  0.500000,  1.000000,  0.000000,  0.500000
22.344333  ,  -2.557990,  -0.226450,  11.957565,  -2.557990,  -0.226450,  11.957565,  1.000000,  0.000000,  0.500000,  1.000000,  0.000000,  0.500000
22.394333  ,  -2.516620,  -0.254528,  11.982565,  -2.516620,  -0.254528,  11.982565,  1.000000,  0.000000,  0.500000,  1.000000,  0.000000,  0.500000
22.444333  ,  -2.474562,  -0.281564,  12.007565,  -2.474562,  -0.281564,  12.007565,  1.000000,  0.000000,  0.500000,  1.000000,  0.000000,  0.500000
22.494333  ,  -2.431840,  -0.307540,  12.032565,  -2.431840,  -0.307540,  12.032565,  1.000000,  0.000000,  0.500000,  1.000000,  0.000000,  0.500000
22.544333  ,  -2.388483,  -0.332440,  12.057565,  -2.388483,  -0.332440,  12.057565,  1.000000,  0.000000,  0.500000,  1.000000,  0.000000,  0.500000
22.594333  ,  -2.344517,  -0.356249,  12.082565,  -2.344517,  -0.356249,  12.082565,  1.000000,  0.000000,  0.500000,  1.000000,  0.000000,  0.500000
22.644333  ,  -2.299969,  -0.378950,  12.107565,  -2.299969,  -0.378950,  12.107565,  1.000000,  0.000000,  0.500000,  1.000000,  0.000000,  0.500000
22.694333  ,  -2.254868,  -0.400532,  12.132565,  -2.254868,  -0.400532,  12.132565,  1.000000,  0.000000,  0.500000,  1.000000,  0.000000,  0.500000
22.744333  ,  -2.209241,  -0.420979,  12.157565,  -2.209241,  -0.420979,  12.157565,  1.000000,  0.000000,  0.500000,  1.000000,  0.000000,  0.500000
22.794333  ,  -2.163118,  -0.440279,  12.182565,  -2.163118,  -0.440279,  12.182565,  1.000000,  0.000000,  0.500000,  1.000000,  0.000000,  0.500000
22.844333  ,  -2.116526,  -0.458420,  12.207565,  -2.116526,  -0.458420,  12.207565,  1.000000,  0.000000,  0.500000,  1.000000,  0.000000,  0.500000
22.894333  ,  -2.069496,  -0.475391,  12.232565,  -2.069496,  -0.475391,  12.232565,  1.000000,  0.000000,  0.500000,  1.000000,  0.000000,  0.500000
22.944333  ,  -2.022056,  -0.491181,  12.257565,  -2.022056,  -0.491181,  12.257565,  1.000000,  0.000000,  0.500000,  1.000000,  0.000000,  0.500000
22.994333  ,  -1.974236,  -0.505780,  12.282565,  -1.974236,  -0.505780,  12.282565,  1.000000,  0.000000,  0.500000,  1.000000,  0.000000,  0.500000
23.044333  ,  -1.926066,  -0.519179,  12.307565,  -1.926066,  -0.519179,  12.307565,  1.000000,  0.000000,  0.500000,  1.000000,  0.000000,  0.500000
23.094333  ,  -1.877576,  -0.531370,  12.332565,  -1.877576,  -0.531370,  12.332565,  1.000000,  0.000000,  0.500000,  1.000000,  0.000000,  0.500000
23.144333  ,  -1.828797,  -0.542345,  12.357565,  -1.828797,  -0.542345,  12.357565,  1.000000,  0.000000,  0.500000,  1.000000,  0.000000,  0.500000
23.194333  ,  -1.779759,  -0.552097,  12.382565,  -1.779759,  -0.552097,  12.382565,  1.000000,  0.000000,  0.500000,  1.000000,  0.000000,  0.500000
23.244333  ,  -1.730492,  -0.560620,  12.407565,  -1.730492,  -0.560620,  12.407565,  1.000000,  0.000000,  0.500000,  1.000000,  0.000000,  0.500000
23.294333  ,  -1.681027,  -0.567909,  12.432565,  -1.681027,  -0.567909,  12.432565,  1.000000,  0.000000,  0.500000,  1.000000,  0.000000,  0.500000
23.344333  ,  -1.631396,  -0.573959,  12.457565,  -1.631396,  -0.573959,  12.457565,  1.000000,  0.000000,  0.500000,  1.000000,  0.000000,  0.500000
23.394333  ,  -1.581629,  -0.578767,  12.482565,  -1.581629,  -0.578767,  12.482565,  1.000000,  0.000000,  0.500000,  1.000000,  0.000000,  0.500000
23.444333  ,  -1.531757,  -0.582329,  12.507565,  -1.531757,  -0.582329,  12.507565,  1.000000,  0.000000,  0.500000,  1.000000,  0.000000,  0.500000
23.494333  ,  -1.481812,  -0.584644,  12.532565,  -1.481812,  -0.584644,  12.532565,  1.000000,  0.000000,  0.500000,  1.000000,  0.000000,  0.500000
23.544333  ,  -1.431825,  -0.585709,  12.557565,  -1.431825,  -0.585709,  12.557565,  1.000000,  0.000000,  0.500000,  1.000000,  0.000000,  0.500000
23.594333  ,  -1.381827,  -0.585524,  12.582565,  -1.381827,  -0.585524,  12.582565,  1.000000,  0.000000,  0.500000,  1.000000,  0.000000,  0.500000
23.644333  ,  -1.331849,  -0.584090,  12.607565,  -1.331848,  -0.584090,  12.607565,  1.000000,  0.000000,  0.500000,  1.000000,  0.000000,  0.500000
23.694333  ,  -1.281922,  -0.581406,  12.632565,  -1.281922,  -0.581406,  12.632565,  1.000000,  0.000000,  0.500000,  1.000000,  0.000000,  0.500000
23.744333  ,  -1.232078,  -0.577476,  12.657565,  -1.232078,  -0.577476,  12.657565,  1.000000,  0.000000,  0.500000,  1.000000,  0.000000,  0.500000
23.794333  ,  -1.182348,  -0.572301,  12.682565,  -1.182348,  -0.572301,  12.682565,  1.000000,  0.000000,  0.500000,  1.000000,  0.000000,  0.500000
23.844333  ,  -1.132763,  -0.565884,  12.707565,  -1.132763,  -0.565884,  12.707565,  1.000000,  0.000000,  0.500000,  1.000000,  0.000000,  0.500000
23.894333  ,  -1.083353,  -0.558229,  12.732565,  -1.083353,  -0.558229,  12.732565,  1.000000,  0.000000,  0.500000,  1.000000,  0.000000,  0.500000
23.944333  ,  -1.034151,  -0.549342,  12.757565,  -1.034151,  -0.549342,  12.757565,  1.000000,  0.000000,  0.500000,  1.000000,  0.000000,  0.500000
23.994333  ,  -0.985186,  -0.539228,  12.782565,  -0.985186,  -0.539228,  12.782565,  1.000000,  0.000000,  0.500000,  1.000000,  0.000000,  0.500000
24.044333  ,  -0.936489,  -0.527893,  12.807565,  -0.936489,  -0.527893,  12.807565,  1.000000,  0.000000,  0.500000,  1.000000,  0.000000,  0.500000
24.094333  ,  -0.888090,  -0.515345,  12.832565,  -0.888090,  -0.515345,  12.832565,  1.000000,  0.000000,  0.500000,  1.000000,  0.000000,  0.500000
24.144333  ,  -0.840021,  -0.501590,  12.857565,  -0.840021,  -0.501590,  12.857565,  1.000000,  0.000000,  0.500000,  1.000000,  0.000000,  0.500000
24.194333  ,  -0.792310,  -0.486638,  12.882565,  -0.792310,  -0.486638,  12.882565,  1.000000,  0.000000,  0.500000,  1.000000,  0.000000,  0.500000
24.244333  ,  -0.744988,  -0.470498,  12.907565,  -0.744988,  -0.470498,  12.907565,  1.000000,  0.000000,  0.500000,  1.000000,  0.000000,  0.500000
24.294333  ,  -0.698084,  -0.453180,  12.932565,  -0.698084,  -0.453180,  12.932565,  1.000000,  0.000000,  0.500000,  1.000000,  0.000000,  0.500000
24.344333  ,  -0.651628,  -0.434695,  12.957565,  -0.651628,  -0.434695,  12.957565,  1.000000,  0.000000,  0.500000,  1.000000,  0.000000,  0.500000
24.394333  ,  -0.605649,  -0.415055,  12.982565,  -0.605649,  -0.415055,  12.982565,  1.000000,  0.000000,  0.500000,  1.000000,  0.000000,  0.500000
24.444333  ,  -0.560174,  -0.394271,  13.007565,  -0.560174,  -0.394271,  13.007565,  1.000000,  0.000000,  0.500000,  1.000000,  0.000000,  0.500000
24.494333  ,  -0.515234,  -0.372357,  13.032565,  -0.515234,  -0.372357,  13.032565,  1.000000,  0.000000,  0.500000,  1.000000,  0.000000,  0.500000
24.544333  ,  -0.470855,  -0.349327,  13.057565,  -0.470855,  -0.349327,  13.057565,  1.000000,  0.000000,  0.500000,  1.000000,  0.000000,  0.500000
24.594333  ,  -0.427066,  -0.325194,  13.082565,  -0.427066,  -0.325194,  13.082565,  1.000000,  0.000000,  0.500000,  1.000000,  0.000000,  0.500000
24.644333  ,  -0.383894,  -0.299975,  13.107565,  -0.383894,  -0.299975,  13.107565,  1.000000,  0.000000,  0.500000,  1.000000,  0.000000,  0.500000
24.694333  ,  -0.341366,  -0.273684,  13.132565,  -0.341366,  -0.273684,  13.132565,  1.000000,  0.000000,  0.500000,  1.000000,  0.000000,  0.500000
24.744333  ,  -0.299508,  -0.246338,  13.157565,  -0.299508,  -0.246338,  13.157565,  1.000000,  0.000000,  0.500000,  1.000000,  0.000000,  0.500000
24.794333  ,  -0.258347,  -0.217954,  13.182565,  -0.258347,  -0.217954,  13.182565,  1.000000,  0.000000,  0.500000,  1.000000,  0.000000,  0.500000
24.844333  ,  -0.217908,  -0.188550,  13.207565,  -0.217908,  -0.188550,  13.207565,  1.000000,  0.000000,  0.500000,  1.000000,  0.000000,  0.500000
24.894333  ,  -0.178217,  -0.158145,  13.232565,  -0.178217,  -0.158145,  13.232565,  1.000000,  0.000000,  0.500000,  1.000000,  0.000000,  0.500000
24.944333  ,  -0.139298,  -0.126757,  13.257565,  -0.139298,  -0.126757,  13.257565,  1.000000,  0.000000,  0.500000,  1.000000,  0.000000,  0.500000
24.994333  ,  -0.101176,  -0.094406,  13.282565,  -0.101176,  -0.094406,  13.282565,  1.000000,  0.000000,  0.500000,  1.000000,  0.000000,  0.500000
25.044333  ,  -0.063875,  -0.061112,  13.307565,  -0.063875,  -0.061112,  13.307565,  1.000000,  0.000000,  0.500000,  1.000000,  0.000000,  0.500000
25.094333  ,  -0.027418,  -0.026896,  13.332565,  -0.027418,  -0.026896,  13.332565,  1.000000,  0.000000,  0.500000,  1.000000,  0.000000,  0.500000
25.144333  ,  0.008173,  0.008221,  13.357565,  0.008173,  0.008221,  13.357565,  1.000000,  0.000000,  0.500000,  1.000000,  0.000000,  0.500000
25.194333  ,  0.042875,  0.044216,  13.382565,  0.042875,  0.044216,  13.382565,  1.000000,  0.000000,  0.500000,  1.000000,  0.000000,  0.500000
25.244333  ,  0.076666,  0.081067,  13.407565,  0.076666,  0.081067,  13.407565,  1.000000,  0.000000,  0.500000,  1.000000,  0.000000,  0.500000
25.294333  ,  0.109525,  0.118752,  13.432565,  0.109525,  0.118752,  13.432565,  1.000000,  0.000000,  0.500000,  1.000000,  0.000000,  0.500000
25.344333  ,  0.141432,  0.157246,  13.457565,  0.141432,  0.157246,  13.457565,  1.000000,  0.000000,  0.500000,  1.000000,  0.000000,  0.500000
25.394333  ,  0.172367,  0.196526,  13.482565,  0.172367,  0.196526,  13.482565,  1.000000,  0.000000,  0.500000,  1.000000,  0.000000,  0.500000
25.444333  ,  0.202310,  0.236567,  13.507565,  0.202310,  0.236567,  13.507565,  1.000000,  0.000000,  0.500000,  1.000000,  0.000000,  0.500000
25.494333  ,  0.231243,  0.277344,  13.532565,  0.231243,  0.277344,  13.532565,  1.000000,  0.000000,  0.500000,  1.000000,  0.000000,  0.500000
25.544333  ,  0.259148,  0.318831,  13.557565,  0.259148,  0.318831,  13.557565,  1.000000,  0.000000,  0.500000,  1.000000,  0.000000,  0.500000
25.594333  ,  0.286006,  0.361003,  13.582565,  0.286006,  0.361003,  13.582565,  1.000000,  0.000000,  0.500000,  1.000000,  0.000000,  0.500000
25.644333  ,  0.311803,  0.403833,  13.607565,  0.311803,  0.403833,  13.607565,  1.000000,  0.000000,  0.500000,  1.000000,  0.000000,  0.500000
25.694333  ,  0.336520,  0.447295,  13.632565,  0.336520,  0.447295,  13.632565,  1.000000,  0.000000,  0.500000,  1.000000,  0.000000,  0.500000
25.744333  ,  0.360144,  0.491361,  13.657565,  0.360144,  0.491361,  13.657565,  1.000000,  0.000000,  0.500000,  1.000000,  0.000000,  0.500000
25.794333  ,  0.382658,  0.536004,  13.682565,  0.382658,  0.536004,  13.682565,  1.000000,  0.000000,  0.500000,  1.000000,  0.000000,  0.500000
25.844333  ,  0.404049,  0.581195,  13.707565,  0.404049,  0.581195,  13.707565,  1.000000,  0.000000,  0.500000,  1.000000,  0.000000,  0.500000
25.894333  ,  0.424305,  0.626907,  13.732565,  0.424305,  0.626907,  13.732565,  1.000000,  0.000000,  0.500000,  1.000000,  0.000000,  0.500000
25.944333  ,  0.443411,  0.673112,  13.757565,  0.443411,  0.673112,  13.757565,  1.000000,  0.000000,  0.500000,  1.000000,  0.000000,  0.500000
25.994333  ,  0.461356,  0.719779,  13.782565,  0.461356,  0.719779,  13.782565,  1.000000,  0.000000,  0.500000,  1.000000,  0.000000,  0.500000
26.044333  ,  0.478129,  0.766880,  13.807565,  0.478129,  0.766880,  13.807565,  1.000000,  0.000000,  0.500000,  1.000000,  0.000000,  0.500000
26.094333  ,  0.493719,  0.814386,  13.832565,  0.493719,  0.814386,  13.832565,  1.000000,  0.000000,  0.500000,  1.000000,  0.000000,  0.500000
26.144333  ,  0.508117,  0.862267,  13.857565,  0.508117,  0.862267,  13.857565,  1.000000,  0.000000,  0.500000,  1.000000,  0.000000,  0.500000
26.194333  ,  0.521314,  0.910493,  13.882565,  0.521314,  0.910493,  13.882565,  1.000000,  0.000000,  0.500000,  1.000000,  0.000000,  0.500000
26.244333  ,  0.533300,  0.959033,  13.907565,  0.533300,  0.959033,  13.907565,  1.000000,  0.000000,  0.500000,  1.000000,  0.000000,  0.500000
26.294333  ,  0.544070,  1.007858,  13.932565,  0.544070,  1.007858,  13.932565,  1.000000,  0.000000,  0.500000,  1.000000,  0.000000,  0.500000
26.344333  ,  0.553616,  1.056937,  13.957565,  0.553616,  1.056937,  13.957565,  1.000000,  0.000000,  0.500000,  1.000000,  0.000000,  0.500000
26.394333  ,  0.561932,  1.106240,  13.982565,  0.561932,  1.106240,  13.982565,  1.000000,  0.000000,  0.500000,  1.000000,  0.000000,  0.500000
26.444333  ,  0.569013,  1.155734,  14.007565,  0.569013,  1.155734,  14.007565,  1.000000,  0.000000,  0.500000,  1.000000,  0.000000,  0.500000
26.494333  ,  0.574855,  1.205391,  14.032565,  0.574855,  1.205391,  14.032565,  1.000000,  0.000000,  0.500000,  1.000000,  0.000000,  0.500000
26.544333  ,  0.579453,  1.255177,  14.057565,  0.579453,  1.255177,  14.057565,  1.000000,  0.000000,  0.500000,  1.000000,  0.000000,  0.500000
26.594333  ,  0.582806,  1.305064,  14.082565,  0.582806,  1.305064,  14.082565,  1.000000,  0.000000,  0.500000,  1.000000,  0.000000,  0.500000
26.644333  ,  0.584910,  1.355018,  14.107565,  0.584910,  1.355018,  14.107565,  1.000000,  0.000000,  0.500000,  1.000000,  0.000000,  0.500000
26.694333  ,  0.585765,  1.405009,  14.132565,  0.585765,  1.405009,  14.132565,  1.000000,  0.000000,  0.500000,  1.000000,  0.000000,  0.500000
26.744333  ,  0.585370,  1.455006,  14.157565,  0.585370,  1.455006,  14.157565,  1.000000,  0.000000,  0.500000,  1.000000,  0.000000,  0.500000
26.794333  ,  0.583726,  1.504978,  14.182565,  0.583726,  1.504978,  14.182565,  1.000000,  0.000000,  0.500000,  1.000000,  0.000000,  0.500000
26.844333  ,  0.580833,  1.554893,  14.207565,  0.580833,  1.554893,  14.207565,  1.000000,  0.000000,  0.500000,  1.000000,  0.000000,  0.500000
26.894333  ,  0.576693,  1.604720,  14.232565,  0.576693,  1.604720,  14.232565,  1.000000,  0.000000,  0.500000,  1.000000,  0.000000,  0.500000
26.944333  ,  0.571308,  1.654428,  14.257565,  0.571308,  1.654428,  14.257565,  1.000000,  0.000000,  0.500000,  1.000000,  0.000000,  0.500000
26.994333  ,  0.564683,  1.703986,  14.282565,  0.564683,  1.703986,  14.282565,  1.000000,  0.000000,  0.500000,  1.000000,  0.000000,  0.500000
27.044333  ,  0.556821,  1.753362,  14.307565,  0.556821,  1.753362,  14.307565,  1.000000,  0.000000,  0.500000,  1.000000,  0.000000,  0.500000
27.094333  ,  0.547727,  1.802527,  14.332565,  0.547727,  1.802527,  14.332565,  1.000000,  0.000000,  0.500000,  1.000000,  0.000000,  0.500000
27.144333  ,  0.537408,  1.851449,  14.357565,  0.537408,  1.851449,  14.357565,  1.000000,  0.000000,  0.500000,  1.000000,  0.000000,  0.500000
27.194333  ,  0.525868,  1.900098,  14.382565,  0.525868,  1.900098,  14.382565,  1.000000,  0.000000,  0.500000,  1.000000,  0.000000,  0.500000
27.244333  ,  0.513116,  1.948443,  14.407565,  0.513116,  1.948443,  14.407565,  1.000000,  0.000000,  0.500000,  1.000000,  0.000000,  0.500000
27.294333  ,  0.499159,  1.996455,  14.432565,  0.499159,  1.996455,  14.432565,  1.000000,  0.000000,  0.500000,  1.000000,  0.000000,  0.500000
27.344333  ,  0.484007,  2.044102,  14.457565,  0.484007,  2.044102,  14.457565,  1.000000,  0.000000,  0.500000,  1.000000,  0.000000,  0.500000
27.394333  ,  0.467668,  2.091356,  14.482565,  0.467668,  2.091356,  14.482565,  1.000000,  0.000000,  0.500000,  1.000000,  0.000000,  0.500000
27.444333  ,  0.450153,  2.138186,  14.507565,  0.450153,  2.138186,  14.507565,  1.000000,  0.000000,  0.500000,  1.000000,  0.000000,  0.500000
27.494333  ,  0.431473,  2.184564,  14.532565,  0.431473,  2.184564,  14.532565,  1.000000,  0.000000,  0.500000,  1.000000,  0.000000,  0.500000
27.544333  ,  0.411640,  2.230461,  14.557565,  0.411640,  2.230461,  14.557565,  1.000000,  0.000000,  0.500000,  1.000000,  0.000000,  0.500000
27.594333  ,  0.390665,  2.275847,  14.582565,  0.390665,  2.275847,  14.582565,  1.000000,  0.000000,  0.500000,  1.000000,  0.000000,  0.500000
27.644333  ,  0.368563,  2.320695,  14.607565,  0.368563,  2.320695,  14.607565,  1.000000,  0.000000,  0.500000,  1.000000,  0.000000,  0.500000
27.694333  ,  0.345346,  2.364977,  14.632565,  0.345346,  2.364977,  14.632565,  1.000000,  0.000000,  0.500000,  1.000000,  0.000000,  0.500000
27.744333  ,  0.321029,  2.408664,  14.657565,  0.321029,  2.408664,  14.657565,  1.000000,  0.000000,  0.500000,  1.000000,  0.000000,  0.500000
27.794333  ,  0.295628,  2.451730,  14.682565,  0.295628,  2.451730,  14.682565,  1.000000,  0.000000,  0.500000,  1.000000,  0.000000,  0.500000
27.844333  ,  0.269159,  2.494147,  14.707565,  0.269159,  2.494147,  14.707565,  1.000000,  0.000000,  0.500000,  1.000000,  0.000000,  0.500000
27.894333  ,  0.241637,  2.535890,  14.732565,  0.241637,  2.535890,  14.732565,  1.000000,  0.000000,  0.500000,  1.000000,  0.000000,  0.500000
27.944333  ,  0.213081,  2.576931,  14.757565,  0.213081,  2.576931,  14.757565,  1.000000,  0.000000,  0.500000,  1.000000,  0.000000,  0.500000
27.994333  ,  0.183507,  2.617246,  14.782565,  0.183507,  2.617246,  14.782565,  1.000000,  0.000000,  0.500000,  1.000000,  0.000000,  0.500000
28.044333  ,  0.152936,  2.656809,  14.807565,  0.152936,  2.656809,  14.807565,  1.000000,  0.000000,  0.500000,  1.000000,  0.000000,  0.500000
28.094333  ,  0.121384,  2.695595,  14.832565,  0.121384,  2.695595,  14.832565,  1.000000,  0.000000,  0.500000,  1.000000,  0.000000,  0.500000
28.144333  ,  0.088873,  2.733581,  14.857565,  0.088873,  2.733581,  14.857565,  1.000000,  0.000000,  0.500000,  1.000000,  0.000000,  0.500000
28.194333  ,  0.055423,  2.770742,  14.882565,  0.055423,  2.770742,  14.882565,  1.000000,  0.000000,  0.500000,  1.000000,  0.000000,  0.500000
28.244333  ,  0.021054,  2.807055,  14.907565,  0.021054,  2.807055,  14.907565,  1.000000,  0.000000,  0.500000,  1.000000,  0.000000,  0.500000
28.294333  ,  -0.014212,  2.842498,  14.932565,  -0.014212,  2.842498,  14.932565,  1.000000,  0.000000,  0.500000,  1.000000,  0.000000,  0.500000
28.344333  ,  -0.050353,  2.877048,  14.957565,  -0.050353,  2.877048,  14.957565,  1.000000,  0.000000,  0.500000,  1.000000,  0.000000,  0.500000
28.394333  ,  -0.087346,  2.910684,  14.982565,  -0.087346,  2.910684,  14.982565,  1.000000,  0.000000,  0.500000,  1.000000,  0.000000,  0.500000
28.444333  ,  -0.125169,  2.943384,  15.007565,  -0.125169,  2.943384,  15.007565,  1.000000,  0.000000,  0.500000,  1.000000,  0.000000,  0.500000
28.494333  ,  -0.163797,  2.975129,  15.032565,  -0.163797,  2.975129,  15.032565,  1.000000,  0.000000,  0.500000,  1.000000,  0.000000,  0.500000
28.544333  ,  -0.203206,  3.005899,  15.057565,  -0.203206,  3.005899,  15.057565,  1.000000,  0.000000,  0.500000,  1.000000,  0.000000,  0.500000
28.594333  ,  -0.243373,  3.035673,  15.082565,  -0.243373,  3.035673,  15.082565,  1.000000,  0.000000,  0.500000,  1.000000,  0.000000,  0.500000
28.644333  ,  -0.284271,  3.064435,  15.107565,  -0.284271,  3.064435,  15.107565,  1.000000,  0.000000,  0.500000,  1.000000,  0.000000,  0.500000
28.694333  ,  -0.325875,  3.092165,  15.132565,  -0.325875,  3.092165,  15.132565,  1.000000,  0.000000,  0.500000,  1.000000,  0.000000,  0.500000
28.744333  ,  -0.368160,  3.118846,  15.157565,  -0.368160,  3.118846,  15.157565,  1.000000,  0.000000,  0.500000,  1.000000,  0.000000,  0.500000
28.794333  ,  -0.411098,  3.144462,  15.182565,  -0.411098,  3.144462,  15.182565,  1.000000,  0.000000,  0.500000,  1.000000,  0.000000,  0.500000
28.844333  ,  -0.454663,  3.168996,  15.207565,  -0.454663,  3.168996,  15.207565,  1.000000,  0.000000,  0.500000,  1.000000,  0.000000,  0.500000
28.894333  ,  -0.498828,  3.192434,  15.232565,  -0.498828,  3.192434,  15.232565,  1.000000,  0.000000,  0.500000,  1.000000,  0.000000,  0.500000
28.944333  ,  -0.543565,  3.214761,  15.257565,  -0.543565,  3.214761,  15.257565,  1.000000,  0.000000,  0.500000,  1.000000,  0.000000,  0.500000
28.994333  ,  -0.588846,  3.235962,  15.282565,  -0.588846,  3.235962,  15.282565,  1.000000,  0.000000,  0.500000,  1.000000,  0.000000,  0.500000
29.044333  ,  -0.634643,  3.256025,  15.307565,  -0.634643,  3.256025,  15.307565,  1.000000,  0.000000,  0.500000,  1.000000,  0.000000,  0.500000
29.094333  ,  -0.680927,  3.274937,  15.332565,  -0.680927,  3.274937,  15.332565,  1.000000,  0.000000,  0.500000,  1.000000,  0.000000,  0.500000
29.144333  ,  -0.727669,  3.292686,  15.357565,  -0.727669,  3.292686,  15.357565,  1.000000,  0.000000,  0.500000,  1.000000,  0.000000,  0.500000
29.194333  ,  -0.774841,  3.309260,  15.382565,  -0.774841,  3.309260,  15.382565,  1.000000,  0.000000,  0.500000,  1.000000,  0.000000,  0.500000
29.244333  ,  -0.822412,  3.324651,  15.407565,  -0.822412,  3.324651,  15.407565,  1.000000,  0.000000,  0.500000,  1.000000,  0.000000,  0.500000
29.294333  ,  -0.870353,  3.338847,  15.432565,  -0.870353,  3.338847,  15.432565,  1.000000,  0.000000,  0.500000,  1.000000,  0.000000,  0.500000
29.344333  ,  -0.918634,  3.351841,  15.457565,  -0.918634,  3.351841,  15.457565,  1.000000,  0.000000,  0.500000,  1.000000,  0.000000,  0.500000
29.394333  ,  -0.967224,  3.363624,  15.482565,  -0.967224,  3.363624,  15.482565,  1.000000,  0.000000,  0.500000,  1.000000,  0.000000,  0.500000
29.444333  ,  -1.016094,  3.374188,  15.507565,  -1.016094,  3.374188,  15.507565,  1.000000,  0.000000,  0.500000,  1.000000,  0.000000,  0.500000
29.494333  ,  -1.065213,  3.383528,  15.532565,  -1.065213,  3.383528,  15.532565,  1.000000,  0.000000,  0.500000,  1.000000,  0.000000,  0.500000
29.544333  ,  -1.114549,  3.391636,  15.557565,  -1.114549,  3.391636,  15.557565,  1.000000,  0.000000,  0.500000,  1.000000,  0.000000,  0.500000
29.594333  ,  -1.164073,  3.398509,  15.582565,  -1.164073,  3.398509,  15.582565,  1.000000,  0.000000,  0.500000,  1.000000,  0.000000,  0.500000
29.644333  ,  -1.213754,  3.404142,  15.607565,  -1.213754,  3.404142,  15.607565,  1.000000,  0.000000,  0.500000,  1.000000,  0.000000,  0.500000
29.694333  ,  -1.263559,  3.408531,  15.632565,  -1.263559,  3.408531,  15.632565,  1.000000,  0.000000,  0.500000,  1.000000,  0.000000,  0.500000
29.744333  ,  -1.313459,  3.411674,  15.657565,  -1.313459,  3.411674,  15.657565,  1.000000,  0.000000,  0.500000,  1.000000,  0.000000,  0.500000
29.794333  ,  -1.363422,  3.413569,  15.682565,  -1.363422,  3.413569,  15.682565,  1.000000,  0.000000,  0.500000,  1.000000,  0.000000,  0.500000
29.844333  ,  -1.413417,  3.414213,  15.707565,  -1.413417,  3.414213,  15.707565,  1.000000,  0.000000,  0.500000,  1.000000,  0.000000,  0.500000
29.894333  ,  -1.463412,  3.413608,  15.732565,  -1.463412,  3.413608,  15.732565,  1.000000,  0.000000,  0.500000,  1.000000,  0.000000,  0.500000
29.944333  ,  -1.513376,  3.411754,  15.757565,  -1.513376,  3.411754,  15.757565,  1.000000,  0.000000,  0.500000,  1.000000,  0.000000,  0.500000
29.994333  ,  -1.563278,  3.408651,  15.782565,  -1.563278,  3.408651,  15.782565,  1.000000,  0.000000,  0.500000,  1.000000,  0.000000,  0.500000
30.000000  ,  -1.568929,  3.408220,  15.785398,  -1.568929,  3.408220,  15.785398,  1.000000,  0.000000,  0.500000,  1.000000,  0.000000,  0.500000
