time  , u_vx  , u_omega  
0.000000  ,  0.000003,  0.000000  
0.000284  ,  0.276040,  0.158297  
0.001705  ,  0.477983,  0.269509  
0.008810  ,  0.628002,  0.348273  
0.044333  ,  0.749410,  0.408669  
0.094333  ,  0.849457,  0.455187  
0.144333  ,  0.929126,  0.489225  
0.194333  ,  0.990056,  0.512583  
0.244333  ,  1.034335,  0.527213  
0.294333  ,  1.064309,  0.535041  
0.344333  ,  1.082409,  0.537829  
0.394333  ,  1.091018,  0.537105  
0.444333  ,  1.092357,  0.534125  
0.494333  ,  1.088418,  0.529872  
0.544333  ,  1.080918,  0.525080  
0.594333  ,  1.071284,  0.520264  
0.644333  ,  1.060652,  0.515760  
0.694333  ,  1.049891,  0.511766  
0.744333  ,  1.039625,  0.508373  
0.794333  ,  1.030271,  0.505601  
0.844333  ,  1.022073,  0.503420  
0.894333  ,  1.015141,  0.501769  
0.944333  ,  1.009480,  0.500575  
0.994333  ,  1.005022,  0.499757  
1.044333  ,  1.001652,  0.499240  
1.094333  ,  0.999228,  0.498954  
1.144333  ,  0.997595,  0.498837  
1.194333  ,  0.996604,  0.498839  
1.244333  ,  0.996110,  0.498919  
1.294333  ,  0.995986,  0.499044  
1.344333  ,  0.996124,  0.499191  
1.394333  ,  0.996433,  0.499343  
1.444333  ,  0.996840,  0.499488  
1.494333  ,  0.997291,  0.499619  
1.544333  ,  0.997744,  0.499732  
1.594333  ,  0.998172,  0.499826  
1.644333  ,  0.998558,  0.499901  
1.694333  ,  0.998892,  0.499959  
1.744333  ,  0.999170,  0.500002  
1.794333  ,  0.999394,  0.500031  
1.844333  ,  0.999567,  0.500050  
1.894333  ,  0.999696,  0.500060  
1.944333  ,  0.999786,  0.500064  
1.994333  ,  0.999844,  0.500062  
2.044333  ,  0.999877,  0.500058  
2.094333  ,  0.999890,  0.500051  
2.144333  ,  0.999888,  0.500043  
2.194333  ,  0.999876,  0.500034  
2.244333  ,  0.999856,  0.500026  
2.294333  ,  0.999832,  0.500017  
2.344333  ,  0.999806,  0.500010  
2.394333  ,  0.999779,  0.500002  
2.444333  ,  0.999752,  0.499996  
2.494333  ,  0.999726,  0.499990  
2.544333  ,  0.999701,  0.499985  
2.594333  ,  0.999677,  0.499981  
2.644333  ,  0.999655,  0.499977  
2.694333  ,  0.999633,  0.499973  
2.744333  ,  0.999612,  0.499970  
2.794333  ,  0.999592,  0.499967  
2.844333  ,  0.999573,  0.499964  
2.894333  ,  0.999553,  0.499962  
2.944333  ,  0.999533,  0.499959  
2.994333  ,  0.999512,  0.499957  
3.044333  ,  0.999491,  0.499954  
3.094333  ,  0.999469,  0.499952  
3.144333  ,  0.999445,  0.499949  
3.194333  ,  0.999420,  0.499947  
3.244333  ,  0.999394,  0.499945  
3.294333  ,  0.999366,  0.499943  
3.344333  ,  0.999336,  0.499940  
3.394333  ,  0.999303,  0.499938  
3.444333  ,  0.999269,  0.499936  
3.494333  ,  0.999232,  0.499934  
3.544333  ,  0.999193,  0.499933  
3.594333  ,  0.999151,  0.499932  
3.644333  ,  0.999106,  0.499931  
3.694333  ,  0.999057,  0.499930  
3.744333  ,  0.999006,  0.499931  
3.794333  ,  0.998951,  0.499932  
3.844333  ,  0.998893,  0.499934  
3.894333  ,  0.998831,  0.499937  
3.944333  ,  0.998765,  0.499942  
3.994333  ,  0.998696,  0.499948  
4.044333  ,  0.998623,  0.499956  
4.094333  ,  0.998547,  0.499966  
4.144333  ,  0.998468,  0.499979  
4.194333  ,  0.998387,  0.499994  
4.244333  ,  0.998305,  0.500013  
4.294333  ,  0.998222,  0.500035  
4.344333  ,  0.998141,  0.500060  
4.394333  ,  0.998062,  0.500089  
4.444333  ,  0.997989,  0.500121  
4.494333  ,  0.997923,  0.500156  
4.544333  ,  0.997868,  0.500192  
4.594333  ,  0.997825,  0.500230  
4.644333  ,  0.997797,  0.500268  
4.694333  ,  0.997787,  0.500303  
4.744333  ,  0.997797,  0.500336  
4.794333  ,  0.997826,  0.500363  
4.844333  ,  0.997877,  0.500384  
4.894333  ,  0.997947,  0.500397  
4.944333  ,  0.998037,  0.500403  
4.994333  ,  0.998143,  0.500400  
5.044333  ,  0.998264,  0.500389  
5.094333  ,  0.998396,  0.500371  
5.144333  ,  0.998536,  0.500346  
5.194333  ,  0.998680,  0.500318  
5.244333  ,  0.998826,  0.500285  
5.294333  ,  0.998970,  0.500251  
5.344333  ,  0.999109,  0.500217  
5.394333  ,  0.999242,  0.500183  
5.444333  ,  0.999367,  0.500151  
5.494333  ,  0.999481,  0.500121  
5.544333  ,  0.999585,  0.500095  
5.594333  ,  0.999677,  0.500071  
5.644333  ,  0.999757,  0.500051  
5.694333  ,  0.999826,  0.500034  
5.744333  ,  0.999883,  0.500021  
5.794333  ,  0.999930,  0.500010  
5.844333  ,  0.999967,  0.500003  
5.894333  ,  0.999995,  0.499997  
5.944333  ,  1.000016,  0.499994  
5.994333  ,  1.000030,  0.499992  
6.044333  ,  1.000039,  0.499991  
6.094333  ,  1.000043,  0.499991  
6.144333  ,  1.000044,  0.499992  
6.194333  ,  1.000042,  0.499994  
6.244333  ,  1.000039,  0.499995  
6.294333  ,  1.000034,  0.499997  
6.344333  ,  1.000028,  0.499999  
6.394333  ,  1.000023,  0.500000  
6.444333  ,  1.000017,  0.500002  
6.494333  ,  1.000012,  0.500003  
6.544333  ,  1.000008,  0.500004  
6.594333  ,  1.000004,  0.500005  
6.644333  ,  1.000000,  0.500005  
6.694333  ,  0.999998,  0.500006  
6.744333  ,  0.999996,  0.500006  
6.794333  ,  0.999994,  0.500006  
6.844333  ,  0.999993,  0.500006  
6.894333  ,  0.999992,  0.500006  
6.944333  ,  0.999992,  0.500005  
6.994333  ,  0.999992,  0.500005  
7.044333  ,  0.999992,  0.500005  
7.094333  ,  0.999992,  0.500004  
7.144333  ,  0.999992,  0.500004  
7.194333  ,  0.999992,  0.500004  
7.244333  ,  0.999993,  0.500003  
7.294333  ,  0.999993,  0.500003  
7.344333  ,  0.999993,  0.500003  
7.394333  ,  0.999993,  0.500003  
7.444333  ,  0.999994,  0.500002  
7.494333  ,  0.999994,  0.500002  
7.544333  ,  0.999994,  0.500002  
7.594333  ,  0.999994,  0.500002  
7.644333  ,  0.999994,  0.500002  
7.694333  ,  0.999994,  0.500002  
7.744333  ,  0.999994,  0.500001  
7.794333  ,  0.999994,  0.500001  
7.844333  ,  0.999994,  0.500001  
7.894333  ,  0.999993,  0.500001  
7.944333  ,  0.999993,  0.500001  
7.994333  ,  0.999993,  0.500001  
8.044333  ,  0.999993,  0.500001  
8.094333  ,  0.999993,  0.500001  
8.144333  ,  0.999993,  0.500001  
8.194333  ,  0.999992,  0.500001  
8.244333  ,  0.999992,  0.500000  
8.294333  ,  0.999992,  0.500000  
8.344333  ,  0.999992,  0.500000  
8.394333  ,  0.999991,  0.500000  
8.444333  ,  0.999991,  0.500000  
8.494333  ,  0.999991,  0.500000  
8.544333  ,  0.999991,  0.500000  
8.594333  ,  0.999990,  0.500000  
8.644333  ,  0.999990,  0.500000  
8.694333  ,  0.999990,  0.500000  
8.744333  ,  0.999989,  0.500000  
8.794333  ,  0.999989,  0.499999  
8.844333  ,  0.999989,  0.499999  
8.894333  ,  0.999988,  0.499999  
8.944333  ,  0.999988,  0.499999  
8.994333  ,  0.999987,  0.499999  
9.044333  ,  0.999987,  0.499999  
9.094333  ,  0.999986,  0.499999  
9.144333  ,  0.999986,  0.499999  
9.194333  ,  0.999985,  0.499999  
9.244333  ,  0.999985,  0.499999  
9.294333  ,  0.999984,  0.499999  
9.344333  ,  0.999983,  0.499999  
9.394333  ,  0.999982,  0.499998  
9.444333  ,  0.999982,  0.499998  
9.494333  ,  0.999981,  0.499998  
9.544333  ,  0.999980,  0.499998  
9.594333  ,  0.999979,  0.499998  
9.644333  ,  0.999978,  0.499998  
9.694333  ,  0.999977,  0.499998  
9.744333  ,  0.999976,  0.499998  
9.794333  ,  0.999974,  0.499998  
9.844333  ,  0.999973,  0.499998  
9.894333  ,  0.999971,  0.499998  
9.944333  ,  0.999970,  0.499998  
9.994333  ,  0.999968,  0.499998  
10.044333  ,  0.999967,  0.499998  
10.094333  ,  0.999965,  0.499998  
10.144333  ,  0.999963,  0.499998  
10.194333  ,  0.999961,  0.499998  
10.244333  ,  0.999958,  0.499998  
10.294333  ,  0.999956,  0.499998  
10.344333  ,  0.999954,  0.499999  
10.394333  ,  0.999951,  0.499999  
10.444333  ,  0.999948,  0.499999  
10.494333  ,  0.999946,  0.500000  
10.544333  ,  0.999943,  0.500001  
10.594333  ,  0.999940,  0.500001  
10.644333  ,  0.999938,  0.500002  
10.694333  ,  0.999935,  0.500003  
10.744333  ,  0.999933,  0.500004  
10.794333  ,  0.999931,  0.500006  
10.844333  ,  0.999929,  0.500007  
10.894333  ,  0.999928,  0.500008  
10.944333  ,  0.999927,  0.500009  
10.994333  ,  0.999927,  0.500010  
11.044333  ,  0.999928,  0.500011  
11.094333  ,  0.999929,  0.500012  
11.144333  ,  0.999931,  0.500013  
11.194333  ,  0.999933,  0.500013  
11.244333  ,  0.999936,  0.500013  
11.294333  ,  0.999940,  0.500013  
11.344333  ,  0.999944,  0.500013  
11.394333  ,  0.999949,  0.500012  
11.444333  ,  0.999953,  0.500011  
11.494333  ,  0.999958,  0.500010  
11.544333  ,  0.999963,  0.500009  
11.594333  ,  0.999968,  0.500008  
11.644333  ,  0.999972,  0.500007  
11.694333  ,  0.999976,  0.500006  
11.744333  ,  0.999980,  0.500005  
11.794333  ,  0.999984,  0.500004  
11.844333  ,  0.999987,  0.500003  
11.894333  ,  0.999990,  0.500002  
11.944333  ,  0.999993,  0.500001  
11.994333  ,  0.999995,  0.500001  
12.044333  ,  0.999997,  0.500001  
12.094333  ,  0.999998,  0.500000  
12.144333  ,  0.999999,  0.500000  
12.194333  ,  1.000000,  0.500000  
12.244333  ,  1.000001,  0.500000  
12.294333  ,  1.000001,  0.500000  
12.344333  ,  1.000001,  0.500000  
12.394333  ,  1.000001,  0.500000  
12.444333  ,  1.000001,  0.500000  
12.494333  ,  1.000001,  0.500000  
12.544333  ,  1.000001,  0.500000  
12.594333  ,  1.000001,  0.500000  
12.644333  ,  1.000001,  0.500000  
12.694333  ,  1.000001,  0.500000  
12.744333  ,  1.000001,  0.500000  
12.794333  ,  1.000000,  0.500000  
12.844333  ,  1.000000,  0.500000  
12.894333  ,  1.000000,  0.500000  
12.944333  ,  1.000000,  0.500000  
12.994333  ,  1.000000,  0.500000  
13.044333  ,  1.000000,  0.500000  
13.094333  ,  1.000000,  0.500000  
13.144333  ,  1.000000,  0.500000  
13.194333  ,  1.000000,  0.500000  
13.244333  ,  1.000000,  0.500000  
13.294333  ,  1.000000,  0.500000  
13.344333  ,  1.000000,  0.500000  
13.394333  ,  1.000000,  0.500000  
13.444333  ,  1.000000,  0.500000  
13.494333  ,  1.000000,  0.500000  
13.544333  ,  1.000000,  0.500000  
13.594333  ,  1.000000,  0.500000  
13.644333  ,  1.000000,  0.500000  
13.694333  ,  1.000000,  0.500000  
13.744333  ,  1.000000,  0.500000  
13.794333  ,  1.000000,  0.500000  
13.844333  ,  1.000000,  0.500000  
13.894333  ,  1.000000,  0.500000  
13.944333  ,  1.000000,  0.500000  
13.994333  ,  1.000000,  0.500000  
14.044333  ,  1.000000,  0.500000  
14.094333  ,  1.000000,  0.500000  
14.144333  ,  1.000000,  0.500000  
14.194333  ,  1.000000,  0.500000  
14.244333  ,  1.000000,  0.500000  
14.294333  ,  1.000000,  0.500000  
14.344333  ,  1.000000,  0.500000  
14.394333  ,  1.000000,  0.500000  
14.444333  ,  1.000000,  0.500000  
14.494333  ,  1.000000,  0.500000  
14.544333  ,  1.000000,  0.500000  
14.594333  ,  1.000000,  0.500000  
14.644333  ,  1.000000,  0.500000  
14.694333  ,  1.000000,  0.500000  
14.744333  ,  1.000000,  0.500000  
14.794333  ,  1.000000,  0.500000  
14.844333  ,  1.000000,  0.500000  
14.894333  ,  1.000000,  0.500000  
14.944333  ,  1.000000,  0.500000  
14.994333  ,  1.000000,  0.500000  
15.000000  ,  1.000000,  0.500000  
