time  , u_vx  , u_omega  
0.000000  ,  16.459282,  -20.375015  
0.000094  ,  229856.881010,  -149021.578719  
0.000094  ,  878194130.952053,  -568956250.134848  
0.000094  ,  2079404039820.020800,  -1346309968343.693600  
0.000094  ,  3487737620932019.500000,  -2256653901674975.500000  
0.000094  ,  3268539633436012500.000000,  -2113405371180907300.000000  
0.000094  ,  3128787755351686700.000000,  220045620576502240.000000  
0.000094  ,  1144876816058060700.000000,  1144876816058060500.000000  
0.000094  ,  782805697869486720.000000,  782805697869486590.000000  
0.000094  ,  535240773419502020.000000,  535240787611734590.000000  
0.000094  ,  365969097024426180.000000,  365969093778669890.000000  
0.000094  ,  195492302623753660.000000,  195492300896868930.000000  
0.000094  ,  99473271570509296.000000,  99473270830303904.000000  
0.000094  ,  47944659572336984.000000,  47944659246196888.000000  
0.000094  ,  21273426046016256.000000,  21273425906647108.000000  
0.000094  ,  8995326277936450.000000,  8995326220632023.000000  
0.000094  ,  3541210954203245.500000,  3541210931369701.500000  
0.000094  ,  1312568513134930.500000,  1312568504512043.500000  
0.000094  ,  456226650741130.750000,  456226647641238.560000  
0.000094  ,  148825609262397.840000,  148825608208442.370000  
0.000094  ,  45558996283668.289000,  45558995945558.125000  
0.000094  ,  13092623893403.348000,  13092623790925.820000  
0.000094  ,  3530982325722.003400,  3530982296472.538600  
0.000094  ,  893827052190.747560,  893826745221.423340  
0.000094  ,  212365706179.702390,  212365704380.376100  
0.000094  ,  47357892491.257355,  47357891964.693130  
0.000094  ,  9912380937.967854,  9912380718.768829  
0.000094  ,  1947345433.080348,  1947345282.730523  
0.000094  ,  359077538.325777,  359077402.828935  
0.000094  ,  62146223.571645,  62146091.001131  
0.000094  ,  10095437.782611,  10095305.754382  
0.000094  ,  1539340.987555,  1539209.057530  
0.000094  ,  220369.809577,  220237.894972  
0.000094  ,  30210.190937,  30078.279035  
0.000094  ,  4205.990463,  4074.079069  
0.000094  ,  649.933398,  518.022235  
0.000094  ,  163.644723,  31.734062  
0.000094  ,  97.144005,  -34.764468  
0.000097  ,  88.044847,  -43.852885  
0.000107  ,  86.774491,  -45.069740  
0.000158  ,  86.471338,  -45.107069  
0.000414  ,  85.802055,  -44.486198  
0.001503  ,  83.728862,  -41.742245  
0.004377  ,  80.798683,  -35.904051  
0.008731  ,  80.864973,  -29.147010  
0.014078  ,  82.827036,  -24.042287  
0.018917  ,  88.871107,  -17.162845  
0.020545  ,  131.064580,  25.145684  
0.021060  ,  225.980055,  120.150939  
0.021222  ,  432.439542,  326.188319  
0.021334  ,  440.963313,  334.251317  
0.021422  ,  405.654159,  298.514044  
0.021509  ,  308.552194,  201.084164  
0.021591  ,  253.912205,  146.472412  
0.021764  ,  135.470393,  27.418737  
0.021911  ,  132.866434,  24.863905  
0.022269  ,  92.948714,  -15.268497  
0.022619  ,  95.198931,  -12.892729  
0.023524  ,  82.089386,  -26.514598  
0.024303  ,  89.567908,  -18.852721  
0.025172  ,  27.287089,  45.081138  
0.026216  ,  -20.678504,  91.478411  
0.027403  ,  -50.568594,  122.283413  
0.028767  ,  -68.233090,  140.129391  
0.030308  ,  -80.130082,  152.644579  
0.032023  ,  -88.735841,  162.115291  
0.033898  ,  -95.809777,  170.360634  
0.035909  ,  -102.103115,  178.051445  
0.038026  ,  -107.991493,  185.494371  
0.040220  ,  -113.544338,  192.662617  
0.042462  ,  -118.719994,  199.428788  
0.044728  ,  -123.415341,  205.611137  
0.047000  ,  -127.518779,  211.034787  
0.049263  ,  -130.936029,  215.559740  
0.051509  ,  -133.606150,  219.098191  
0.053734  ,  -135.507751,  221.619919  
0.055937  ,  -136.659592,  223.150707  
0.058120  ,  -137.109457,  223.757244  
0.060284  ,  -136.942159,  223.554871  
0.062435  ,  -136.249649,  222.668014  
0.064578  ,  -135.135959,  221.236789  
0.066716  ,  -133.703883,  219.398703  
0.068856  ,  -132.049807,  217.281964  
0.071001  ,  -130.258777,  214.999036  
0.073156  ,  -128.401881,  212.643348  
0.075324  ,  -126.535176,  210.288055  
0.077507  ,  -124.699962,  207.986556  
0.079708  ,  -122.923996,  205.774224  
0.081929  ,  -121.223293,  203.670887  
0.084171  ,  -119.604222,  201.683666  
0.086433  ,  -118.065662,  199.809869  
0.088717  ,  -116.601047,  198.039720  
0.091023  ,  -115.200205,  196.358804  
0.093350  ,  -113.850925,  194.750149  
0.095697  ,  -112.540235,  193.195905  
0.098065  ,  -111.255388,  191.678652  
0.100453  ,  -109.984580,  190.182340  
0.102860  ,  -108.717424,  188.692904  
0.105287  ,  -107.445223,  187.198612  
0.107732  ,  -106.161065,  185.690188  
0.110196  ,  -104.859797,  184.160751  
0.112679  ,  -103.537890,  182.605632  
0.115180  ,  -102.193249,  181.022102  
0.117700  ,  -100.824976,  179.409054  
0.120240  ,  -99.433125,  177.766662  
0.122798  ,  -98.018460,  176.096051  
0.125377  ,  -96.582229,  174.398990  
0.127976  ,  -95.125969,  172.677625  
0.130595  ,  -93.651338,  170.934255  
0.133235  ,  -92.159986,  169.171154  
0.135897  ,  -90.653461,  167.390443  
0.138581  ,  -89.133139,  165.594001  
0.141287  ,  -87.600191,  163.783415  
0.144017  ,  -86.055565,  161.959960  
0.146770  ,  -84.499989,  160.124606  
0.149547  ,  -82.933988,  158.278036  
0.152348  ,  -81.357907,  156.420687  
0.155175  ,  -79.771942,  154.552784  
0.158026  ,  -78.176169,  152.674387  
0.160923  ,  -76.071784,  150.025705  
0.163880  ,  -73.716293,  147.012697  
0.166914  ,  -71.183918,  143.748949  
0.170042  ,  -68.578897,  140.392545  
0.173278  ,  -65.972975,  137.050337  
0.176637  ,  -63.418131,  133.799353  
0.180131  ,  -60.944468,  130.684041  
0.183771  ,  -58.564272,  127.722726  
0.187565  ,  -56.275678,  124.913115  
0.191523  ,  -54.066691,  122.238219  
0.195650  ,  -51.918788,  119.671576  
0.199952  ,  -49.809998,  117.181693  
0.204432  ,  -47.717346,  114.735559  
0.209096  ,  -45.618699,  112.301294  
0.213945  ,  -43.494037,  109.849991  
0.218984  ,  -41.326249,  107.356874  
0.224214  ,  -39.101528,  104.801881  
0.229640  ,  -36.809437,  102.169787  
0.235265  ,  -34.442752,  99.449991  
0.241092  ,  -31.997136,  96.636060  
0.247126  ,  -29.470717,  93.725131  
0.253370  ,  -26.863632,  90.717254  
0.259828  ,  -24.177584,  87.614740  
0.266504  ,  -21.415429,  84.421556  
0.273403  ,  -18.580843,  81.142825  
0.280526  ,  -15.678052,  77.784407  
0.287877  ,  -12.711645,  74.352615  
0.295458  ,  -9.686461,  70.854012  
0.303236  ,  -6.722779,  67.538501  
0.311186  ,  -3.751344,  64.249920  
0.319286  ,  -0.751661,  60.939937  
0.327520  ,  2.294986,  57.559389  
0.335875  ,  5.390544,  54.094468  
0.344343  ,  8.528966,  50.547117  
0.352918  ,  11.698107,  46.932943  
0.361597  ,  14.886228,  43.264608  
0.370378  ,  18.081347,  39.555082  
0.379264  ,  21.270069,  35.824055  
0.388257  ,  24.439973,  32.090786  
0.397359  ,  27.580125,  28.373121  
0.406571  ,  30.681386,  24.685972  
0.415896  ,  33.736255,  21.041217  
0.425334  ,  36.738545,  17.447957  
0.434885  ,  39.683004,  13.913097  
0.444550  ,  42.564975,  10.441965  
0.454328  ,  45.380140,  7.038881  
0.464219  ,  48.124359,  3.707582  
0.474222  ,  50.793583,  0.451515  
0.484338  ,  53.383832,  -2.725988  
0.494565  ,  55.891195,  -5.821639  
0.504905  ,  58.311860,  -8.832173  
0.515358  ,  60.642131,  -11.754371  
0.525923  ,  62.878445,  -14.585086  
0.536601  ,  65.017384,  -17.321282  
0.547394  ,  67.055671,  -19.960056  
0.558303  ,  68.990171,  -22.498657  
0.569328  ,  70.817880,  -24.934498  
0.580471  ,  72.535917,  -27.265159  
0.591733  ,  74.141519,  -29.488389  
0.603117  ,  75.632036,  -31.602103  
0.614625  ,  77.004922,  -33.604381  
0.626258  ,  78.257738,  -35.493462  
0.638020  ,  79.388144,  -37.267742  
0.649914  ,  80.393902,  -38.925775  
0.661941  ,  81.272871,  -40.466261  
0.674107  ,  82.023004,  -41.888052  
0.686414  ,  82.642346,  -43.190144  
0.698868  ,  83.129029,  -44.371674  
0.711472  ,  83.481268,  -45.431915  
0.724231  ,  83.697357,  -46.370275  
0.737151  ,  83.775662,  -47.186292  
0.750239  ,  83.714616,  -47.879627  
0.763682  ,  83.100590,  -48.211098  
0.777675  ,  82.118225,  -48.287313  
0.792355  ,  81.010264,  -48.253058  
0.807825  ,  79.854657,  -48.156816  
0.824153  ,  78.675301,  -48.016002  
0.841382  ,  77.443151,  -47.815562  
0.859537  ,  76.108286,  -47.526824  
0.878633  ,  74.612558,  -47.114863  
0.898689  ,  72.900652,  -46.545566  
0.919727  ,  70.925003,  -45.789096  
0.941786  ,  68.647777,  -44.821628  
0.964916  ,  66.040364,  -43.625440  
0.989189  ,  63.081636,  -42.188097  
1.014701  ,  59.755744,  -40.501162  
1.041577  ,  56.050051,  -38.558819  
1.069979  ,  51.953534,  -36.356580  
1.100133  ,  47.455754,  -33.890074  
1.132356  ,  42.546430,  -31.153656  
1.167127  ,  37.215845,  -28.138298  
1.205255  ,  31.457504,  -24.827277  
1.248338  ,  25.281195,  -21.185229  
1.298338  ,  18.651627,  -17.259568  
1.348338  ,  10.296726,  -13.215587  
1.398338  ,  1.797053,  -8.971289  
1.443037  ,  -8.682038,  -4.259927  
1.482588  ,  -18.737597,  0.306837  
1.517491  ,  -27.937282,  4.525899  
1.549050  ,  -35.124213,  7.980480  
1.578240  ,  -40.456230,  10.703774  
1.605859  ,  -44.152782,  12.769693  
1.632455  ,  -46.733729,  14.369999  
1.658405  ,  -48.618718,  15.664598  
1.683949  ,  -50.139864,  16.783488  
1.709228  ,  -51.497102,  17.807694  
1.734318  ,  -52.794340,  18.781844  
1.759250  ,  -54.065200,  19.723044  
1.784033  ,  -55.302872,  20.631968  
1.808663  ,  -56.480860,  21.500766  
1.833135  ,  -57.567850,  22.318966  
1.857447  ,  -58.536325,  23.077057  
1.881600  ,  -59.366731,  23.768326  
1.905601  ,  -60.048419,  24.389408  
1.929459  ,  -60.578618,  24.939983  
1.953185  ,  -60.955778,  25.426784  
1.976793  ,  -61.179343,  25.860585  
2.000296  ,  -61.259635,  26.243456  
2.023707  ,  -61.207689,  26.577333  
2.047038  ,  -61.033129,  26.863587  
2.070303  ,  -60.746746,  27.104440  
2.093512  ,  -60.359024,  27.302223  
2.116676  ,  -59.878842,  27.458712  
2.139807  ,  -59.313979,  27.575372  
2.162914  ,  -58.671199,  27.653382  
2.186007  ,  -57.956500,  27.693738  
2.209095  ,  -57.175269,  27.697310  
2.232188  ,  -56.332411,  27.664895  
2.255298  ,  -55.432431,  27.597234  
2.278433  ,  -54.479482,  27.495024  
2.301604  ,  -53.477393,  27.358911  
2.324824  ,  -52.429671,  27.189480  
2.348103  ,  -51.339507,  26.987235  
2.371453  ,  -50.209763,  26.752582  
2.394889  ,  -49.042971,  26.485805  
2.418424  ,  -47.841320,  26.187050  
2.442072  ,  -46.606649,  25.856295  
2.465850  ,  -45.327648,  25.480549  
2.489776  ,  -43.977849,  25.031838  
2.513869  ,  -42.560375,  24.512232  
2.538150  ,  -41.082143,  23.927216  
2.562644  ,  -39.549920,  23.282421  
2.587377  ,  -37.970635,  22.583639  
2.612376  ,  -36.350801,  21.836353  
2.637673  ,  -34.696429,  21.045642  
2.663303  ,  -33.012904,  20.216075  
2.689304  ,  -31.304979,  19.351700  
2.715721  ,  -29.576790,  18.456056  
2.742603  ,  -27.831904,  17.532197  
2.770007  ,  -26.073369,  16.582737  
2.798003  ,  -24.303760,  15.609876  
2.826673  ,  -22.525220,  14.615424  
2.856116  ,  -20.739486,  13.600815  
2.886459  ,  -18.947910,  12.567103  
2.917864  ,  -17.151485,  11.514943  
2.950551  ,  -15.350895,  10.444569  
2.984826  ,  -13.546670,  9.355766  
3.021155  ,  -11.739671,  8.247919  
3.060310  ,  -9.932726,  7.120425  
3.103824  ,  -8.137253,  5.974968  
3.153824  ,  -6.361071,  4.825742  
3.203824  ,  -4.183103,  3.510354  
3.253824  ,  -2.044880,  2.175109  
3.297128  ,  0.839838,  0.410793  
3.335821  ,  3.245362,  -1.118842  
3.370499  ,  5.374792,  -2.504582  
3.402627  ,  6.902746,  -3.545129  
3.433022  ,  8.028218,  -4.346159  
3.462365  ,  8.820575,  -4.943303  
3.491077  ,  9.422290,  -5.419221  
3.519441  ,  9.913047,  -5.821139  
3.547624  ,  10.352437,  -6.185338  
3.575720  ,  10.767834,  -6.528952  
3.603777  ,  11.170039,  -6.859079  
3.631815  ,  11.558098,  -7.175495  
3.659842  ,  11.926118,  -7.474786  
3.687866  ,  12.266643,  -7.752437  
3.715893  ,  12.573009,  -8.004326  
3.743935  ,  12.840265,  -8.227334  
3.772010  ,  13.065395,  -8.419516  
3.800136  ,  13.247059,  -8.579950  
3.828337  ,  13.385143,  -8.708473  
3.856637  ,  13.480302,  -8.805387  
3.885059  ,  13.533562,  -8.871219  
3.913631  ,  13.546048,  -8.906543  
3.942378  ,  13.518807,  -8.911878  
3.971327  ,  13.452730,  -8.887632  
4.000504  ,  13.348524,  -8.834096  
4.029940  ,  13.206730,  -8.751450  
4.059663  ,  13.026796,  -8.638833  
4.089707  ,  12.804385,  -8.491642  
4.120105  ,  12.539513,  -8.309685  
4.150896  ,  12.233307,  -8.093987  
4.182122  ,  11.887050,  -7.846001  
4.213831  ,  11.502332,  -7.567076  
4.246075  ,  11.080826,  -7.258600  
4.278913  ,  10.624207,  -6.921978  
4.312414  ,  10.134113,  -6.558614  
4.346658  ,  9.612125,  -6.169898  
4.381737  ,  9.059750,  -5.757204  
4.417765  ,  8.478411,  -5.321892  
4.454879  ,  7.869431,  -4.865315  
4.493255  ,  7.234019,  -4.388834  
4.533121  ,  6.573236,  -3.893844  
4.574786  ,  5.887962,  -3.381852  
4.618698  ,  5.178847,  -2.854639  
4.665552  ,  4.446293,  -2.314733  
4.715552  ,  3.706383,  -1.762086  
4.765552  ,  2.973208,  -1.155125  
4.815552  ,  2.217887,  -0.547200  
4.865552  ,  1.461245,  0.049505  
4.915552  ,  0.719004,  0.625476  
4.965552  ,  0.003144,  1.173246  
5.013084  ,  -0.780194,  1.811410  
5.058217  ,  -1.496475,  2.379687  
5.101096  ,  -2.135712,  2.872970  
5.142281  ,  -2.663855,  3.259653  
5.182229  ,  -3.094100,  3.556982  
5.221352  ,  -3.437759,  3.778250  
5.259955  ,  -3.713715,  3.942824  
5.298262  ,  -3.935985,  4.064258  
5.336430  ,  -4.115532,  4.152587  
5.374571  ,  -4.259003,  4.213488  
5.412763  ,  -4.370215,  4.249926  
5.451068  ,  -4.450964,  4.263027  
5.489537  ,  -4.501997,  4.253039  
5.528218  ,  -4.523617,  4.219890  
5.567161  ,  -4.516074,  4.163541  
5.606419  ,  -4.479758,  4.084132  
5.646052  ,  -4.414317,  3.981093  
5.686123  ,  -4.319944,  3.854406  
5.726706  ,  -4.197866,  3.705101  
5.767881  ,  -4.049566,  3.534468  
5.809742  ,  -3.876620,  3.343898  
5.852394  ,  -3.680642,  3.134839  
5.895961  ,  -3.463247,  2.908760  
5.940591  ,  -3.226029,  2.667136  
5.986465  ,  -2.970548,  2.411445  
6.033812  ,  -2.698328,  2.143179  
6.082931  ,  -2.410858,  1.863872  
6.132931  ,  -2.132152,  1.587481  
6.182931  ,  -1.850806,  1.306353  
6.232931  ,  -1.555280,  1.017573  
6.282931  ,  -1.253256,  0.727474  
6.332931  ,  -0.950809,  0.441076  
6.382931  ,  -0.652843,  0.162446  
6.432931  ,  -0.363379,  -0.105075  
6.482931  ,  -0.085747,  -0.358719  
6.532931  ,  0.177287,  -0.596197  
6.582931  ,  0.423432,  -0.815629  
6.632931  ,  0.650813,  -1.015496  
6.682931  ,  0.857927,  -1.194611  
6.732931  ,  1.043614,  -1.352093  
6.782931  ,  1.207027,  -1.487341  
6.832310  ,  1.363896,  -1.618037  
6.881141  ,  1.490616,  -1.718292  
6.929476  ,  1.589708,  -1.791185  
6.977505  ,  1.658950,  -1.834611  
7.025406  ,  1.701690,  -1.852321  
7.073358  ,  1.720406,  -1.847037  
7.121521  ,  1.717991,  -1.821824  
7.170040  ,  1.696527,  -1.778852  
7.219048  ,  1.657496,  -1.719638  
7.268675  ,  1.602278,  -1.645577  
7.318675  ,  1.539695,  -1.565361  
7.368675  ,  1.469786,  -1.478931  
7.418675  ,  1.384612,  -1.378617  
7.468675  ,  1.286784,  -1.267041  
7.518675  ,  1.178639,  -1.146540  
7.568675  ,  1.062333,  -1.019255  
7.618675  ,  0.939884,  -0.887176  
7.668675  ,  0.813188,  -0.752162  
7.718675  ,  0.684030,  -0.615952  
7.768675  ,  0.554087,  -0.480169  
7.818675  ,  0.424923,  -0.346318  
7.868675  ,  0.297988,  -0.215783  
7.918675  ,  0.174614,  -0.089827  
7.968675  ,  0.056010,  0.030414  
8.018675  ,  -0.056743,  0.143933  
8.068675  ,  -0.162692,  0.249851  
8.118675  ,  -0.261013,  0.347422  
8.168675  ,  -0.351015,  0.436028  
8.218675  ,  -0.432137,  0.515181  
8.268675  ,  -0.503946,  0.584521  
8.318675  ,  -0.566137,  0.643809  
8.368675  ,  -0.618524,  0.692927  
8.418675  ,  -0.661041,  0.731873  
8.468675  ,  -0.693735,  0.760749  
8.518675  ,  -0.716757,  0.779764  
8.568675  ,  -0.730357,  0.789220  
8.618675  ,  -0.734879,  0.789506  
8.668675  ,  -0.730737,  0.781081  
8.718675  ,  -0.718373,  0.764424  
8.768675  ,  -0.698357,  0.740141  
8.818675  ,  -0.671336,  0.708911  
8.868675  ,  -0.638010,  0.671462  
8.918675  ,  -0.599112,  0.628552  
8.968675  ,  -0.555401,  0.580959  
9.018675  ,  -0.507647,  0.529473  
9.068675  ,  -0.456626,  0.474885  
9.118675  ,  -0.403105,  0.417975  
9.168675  ,  -0.347838,  0.359507  
9.218675  ,  -0.291554,  0.300217  
9.268675  ,  -0.234954,  0.240814  
9.318675  ,  -0.178703,  0.181964  
9.368675  ,  -0.123423,  0.124293  
9.418675  ,  -0.069692,  0.068378  
9.468675  ,  -0.018038,  0.014747  
9.518675  ,  0.031066,  -0.036130  
9.568675  ,  0.077199,  -0.083836  
9.618675  ,  0.119998,  -0.128013  
9.668675  ,  0.159156,  -0.168360  
9.718675  ,  0.194425,  -0.204636  
9.768675  ,  0.225613,  -0.236658  
9.818675  ,  0.252584,  -0.264297  
