time  , ex  , ey  , ealpha  , evx  , eomega  
0.000000  ,  1.000000  ,  -1.000000  ,  0.785398  ,  -0.800000  ,  0.000000  
0.000094  ,  0.999934  ,  -1.000048  ,  0.785398  ,  -0.799927  ,  0.000014  
0.000094  ,  0.999934  ,  -1.000048  ,  0.785398  ,  -0.799922  ,  0.000021  
0.000094  ,  0.999934  ,  -1.000048  ,  0.785398  ,  -0.799917  ,  0.000028  
0.000094  ,  0.999934  ,  -1.000048  ,  0.785398  ,  -0.799911  ,  0.000035  
0.000094  ,  0.999934  ,  -1.000048  ,  0.785398  ,  -0.799904  ,  0.000044  
0.000094  ,  0.999934  ,  -1.000048  ,  0.785398  ,  -0.798440  ,  0.001962  
0.000094  ,  0.999934  ,  -1.000048  ,  0.785398  ,  -0.794196  ,  -0.025772  
0.000094  ,  0.999934  ,  -1.000048  ,  0.785398  ,  -0.791293  ,  -0.038405  
0.000094  ,  0.999934  ,  -1.000048  ,  0.785398  ,  -0.789309  ,  -0.043082  
0.000094  ,  0.999934  ,  -1.000048  ,  0.785398  ,  -0.787952  ,  -0.043082  
0.000094  ,  0.999934  ,  -1.000048  ,  0.785398  ,  -0.786741  ,  -0.043082  
0.000094  ,  0.999934  ,  -1.000048  ,  0.785398  ,  -0.785877  ,  -0.043082  
0.000094  ,  0.999934  ,  -1.000048  ,  0.785398  ,  -0.785247  ,  -0.043082  
0.000094  ,  0.999934  ,  -1.000048  ,  0.785398  ,  -0.784784  ,  -0.043082  
0.000094  ,  0.999934  ,  -1.000048  ,  0.785398  ,  -0.784451  ,  -0.043082  
0.000094  ,  0.999934  ,  -1.000048  ,  0.785398  ,  -0.784206  ,  -0.043082  
0.000094  ,  0.999934  ,  -1.000048  ,  0.785398  ,  -0.784029  ,  -0.043082  
0.000094  ,  0.999934  ,  -1.000048  ,  0.785398  ,  -0.783899  ,  -0.043082  
0.000094  ,  0.999934  ,  -1.000048  ,  0.785398  ,  -0.783805  ,  -0.043082  
0.000094  ,  0.999934  ,  -1.000048  ,  0.785398  ,  -0.783736  ,  -0.043082  
0.000094  ,  0.999934  ,  -1.000048  ,  0.785398  ,  -0.783686  ,  -0.043082  
0.000094  ,  0.999934  ,  -1.000048  ,  0.785398  ,  -0.783650  ,  -0.043082  
0.000094  ,  0.999934  ,  -1.000048  ,  0.785398  ,  -0.783623  ,  -0.043082  
0.000094  ,  0.999934  ,  -1.000048  ,  0.785398  ,  -0.783604  ,  -0.043082  
0.000094  ,  0.999934  ,  -1.000048  ,  0.785398  ,  -0.783590  ,  -0.043082  
0.000094  ,  0.999934  ,  -1.000048  ,  0.785398  ,  -0.783580  ,  -0.043082  
0.000094  ,  0.999934  ,  -1.000048  ,  0.785398  ,  -0.783572  ,  -0.043082  
0.000094  ,  0.999934  ,  -1.000048  ,  0.785398  ,  -0.783567  ,  -0.043082  
0.000094  ,  0.999934  ,  -1.000048  ,  0.785398  ,  -0.783563  ,  -0.043082  
0.000094  ,  0.999934  ,  -1.000048  ,  0.785398  ,  -0.783560  ,  -0.043082  
0.000094  ,  0.999934  ,  -1.000048  ,  0.785398  ,  -0.783558  ,  -0.043082  
0.000094  ,  0.999934  ,  -1.000048  ,  0.785398  ,  -0.783556  ,  -0.043082  
0.000094  ,  0.999934  ,  -1.000048  ,  0.785398  ,  -0.783555  ,  -0.043082  
0.000094  ,  0.999934  ,  -1.000048  ,  0.785398  ,  -0.783554  ,  -0.043082  
0.000094  ,  0.999934  ,  -1.000048  ,  0.785398  ,  -0.783554  ,  -0.043082  
0.000094  ,  0.999933  ,  -1.000048  ,  0.785398  ,  -0.783553  ,  -0.043083  
0.000094  ,  0.999933  ,  -1.000048  ,  0.785398  ,  -0.783552  ,  -0.043084  
0.000097  ,  0.999932  ,  -1.000049  ,  0.785398  ,  -0.783549  ,  -0.043089  
0.000107  ,  0.999925  ,  -1.000054  ,  0.785398  ,  -0.783533  ,  -0.043114  
0.000158  ,  0.999888  ,  -1.000079  ,  0.785395  ,  -0.783452  ,  -0.043238  
0.000414  ,  0.999707  ,  -1.000205  ,  0.785384  ,  -0.783048  ,  -0.043856  
0.001503  ,  0.998936  ,  -1.000737  ,  0.785335  ,  -0.781334  ,  -0.046384  
0.004377  ,  0.996895  ,  -1.002135  ,  0.785193  ,  -0.776804  ,  -0.052490  
0.008731  ,  0.993791  ,  -1.004226  ,  0.784946  ,  -0.769904  ,  -0.060781  
0.014078  ,  0.989966  ,  -1.006753  ,  0.784595  ,  -0.761316  ,  -0.070225  
0.018917  ,  0.986497  ,  -1.009000  ,  0.784236  ,  -0.753433  ,  -0.078550  
0.020545  ,  0.985328  ,  -1.009747  ,  0.784105  ,  -0.750704  ,  -0.081308  
0.021060  ,  0.984958  ,  -1.009982  ,  0.784063  ,  -0.749674  ,  -0.082186  
0.021222  ,  0.984841  ,  -1.010056  ,  0.784050  ,  -0.749231  ,  -0.082463  
0.021334  ,  0.984761  ,  -1.010108  ,  0.784041  ,  -0.748750  ,  -0.083670  
0.021422  ,  0.984698  ,  -1.010147  ,  0.784033  ,  -0.748368  ,  -0.084372  
0.021509  ,  0.984635  ,  -1.010187  ,  0.784026  ,  -0.748010  ,  -0.084959  
0.021591  ,  0.984576  ,  -1.010225  ,  0.784019  ,  -0.747735  ,  -0.085101  
0.021764  ,  0.984452  ,  -1.010303  ,  0.784004  ,  -0.747229  ,  -0.086213  
0.021911  ,  0.984347  ,  -1.010370  ,  0.783992  ,  -0.746931  ,  -0.086468  
0.022269  ,  0.984089  ,  -1.010532  ,  0.783960  ,  -0.746208  ,  -0.087500  
0.022619  ,  0.983837  ,  -1.010691  ,  0.783930  ,  -0.745610  ,  -0.088112  
0.023524  ,  0.983187  ,  -1.011099  ,  0.783849  ,  -0.744048  ,  -0.090617  
0.024303  ,  0.982627  ,  -1.011450  ,  0.783778  ,  -0.742782  ,  -0.092281  
0.025172  ,  0.982001  ,  -1.011841  ,  0.783698  ,  -0.741321  ,  -0.092424  
0.026216  ,  0.981250  ,  -1.012308  ,  0.783602  ,  -0.739559  ,  -0.091661  
0.027403  ,  0.980395  ,  -1.012837  ,  0.783493  ,  -0.737564  ,  -0.090601  
0.028767  ,  0.979413  ,  -1.013442  ,  0.783371  ,  -0.735270  ,  -0.089191  
0.030308  ,  0.978303  ,  -1.014121  ,  0.783235  ,  -0.732678  ,  -0.087447  
0.032023  ,  0.977067  ,  -1.014873  ,  0.783088  ,  -0.729790  ,  -0.085365  
0.033898  ,  0.975717  ,  -1.015689  ,  0.782930  ,  -0.726631  ,  -0.082960  
0.035909  ,  0.974269  ,  -1.016557  ,  0.782767  ,  -0.723239  ,  -0.080252  
0.038026  ,  0.972745  ,  -1.017464  ,  0.782601  ,  -0.719659  ,  -0.077278  
0.040220  ,  0.971166  ,  -1.018396  ,  0.782436  ,  -0.715941  ,  -0.074078  
0.042462  ,  0.969554  ,  -1.019339  ,  0.782275  ,  -0.712132  ,  -0.070696  
0.044728  ,  0.967926  ,  -1.020285  ,  0.782120  ,  -0.708273  ,  -0.067176  
0.047000  ,  0.966294  ,  -1.021223  ,  0.781972  ,  -0.704396  ,  -0.063558  
0.049263  ,  0.964670  ,  -1.022150  ,  0.781834  ,  -0.700527  ,  -0.059877  
0.051509  ,  0.963060  ,  -1.023060  ,  0.781705  ,  -0.696682  ,  -0.056162  
0.053734  ,  0.961466  ,  -1.023954  ,  0.781585  ,  -0.692869  ,  -0.052435  
0.055937  ,  0.959889  ,  -1.024831  ,  0.781475  ,  -0.689094  ,  -0.048713  
0.058120  ,  0.958328  ,  -1.025691  ,  0.781374  ,  -0.685355  ,  -0.045008  
0.060284  ,  0.956781  ,  -1.026536  ,  0.781282  ,  -0.681649  ,  -0.041327  
0.062435  ,  0.955245  ,  -1.027367  ,  0.781198  ,  -0.677969  ,  -0.037672  
0.064578  ,  0.953717  ,  -1.028188  ,  0.781122  ,  -0.674311  ,  -0.034046  
0.066716  ,  0.952192  ,  -1.028999  ,  0.781055  ,  -0.670664  ,  -0.030447  
0.068856  ,  0.950668  ,  -1.029803  ,  0.780994  ,  -0.667024  ,  -0.026872  
0.071001  ,  0.949142  ,  -1.030601  ,  0.780942  ,  -0.663381  ,  -0.023318  
0.073156  ,  0.947609  ,  -1.031395  ,  0.780896  ,  -0.659731  ,  -0.019781  
0.075324  ,  0.946069  ,  -1.032186  ,  0.780858  ,  -0.656066  ,  -0.016258  
0.077507  ,  0.944519  ,  -1.032974  ,  0.780828  ,  -0.652384  ,  -0.012745  
0.079708  ,  0.942958  ,  -1.033761  ,  0.780805  ,  -0.648679  ,  -0.009238  
0.081929  ,  0.941384  ,  -1.034547  ,  0.780789  ,  -0.644949  ,  -0.005737  
0.084171  ,  0.939797  ,  -1.035331  ,  0.780782  ,  -0.641193  ,  -0.002237  
0.086433  ,  0.938196  ,  -1.036115  ,  0.780782  ,  -0.637409  ,  0.001260  
0.088717  ,  0.936581  ,  -1.036897  ,  0.780790  ,  -0.633596  ,  0.004756  
0.091023  ,  0.934952  ,  -1.037677  ,  0.780806  ,  -0.629755  ,  0.008252  
0.093350  ,  0.933310  ,  -1.038456  ,  0.780830  ,  -0.625885  ,  0.011747  
0.095697  ,  0.931654  ,  -1.039233  ,  0.780863  ,  -0.621989  ,  0.015239  
0.098065  ,  0.929986  ,  -1.040007  ,  0.780905  ,  -0.618065  ,  0.018729  
0.100453  ,  0.928304  ,  -1.040778  ,  0.780955  ,  -0.614116  ,  0.022215  
0.102860  ,  0.926611  ,  -1.041546  ,  0.781014  ,  -0.610142  ,  0.025696  
0.105287  ,  0.924905  ,  -1.042311  ,  0.781081  ,  -0.606144  ,  0.029170  
0.107732  ,  0.923187  ,  -1.043071  ,  0.781158  ,  -0.602122  ,  0.032636  
0.110196  ,  0.921458  ,  -1.043828  ,  0.781244  ,  -0.598077  ,  0.036092  
0.112679  ,  0.919717  ,  -1.044580  ,  0.781339  ,  -0.594008  ,  0.039538  
0.115180  ,  0.917964  ,  -1.045328  ,  0.781444  ,  -0.589917  ,  0.042972  
0.117700  ,  0.916199  ,  -1.046071  ,  0.781558  ,  -0.585803  ,  0.046393  
0.120240  ,  0.914422  ,  -1.046809  ,  0.781681  ,  -0.581665  ,  0.049800  
0.122798  ,  0.912633  ,  -1.047542  ,  0.781814  ,  -0.577504  ,  0.053192  
0.125377  ,  0.910832  ,  -1.048270  ,  0.781957  ,  -0.573320  ,  0.056568  
0.127976  ,  0.909017  ,  -1.048993  ,  0.782110  ,  -0.569111  ,  0.059927  
0.130595  ,  0.907190  ,  -1.049710  ,  0.782272  ,  -0.564878  ,  0.063268  
0.133235  ,  0.905349  ,  -1.050422  ,  0.782445  ,  -0.560619  ,  0.066590  
0.135897  ,  0.903495  ,  -1.051128  ,  0.782628  ,  -0.556334  ,  0.069892  
0.138581  ,  0.901626  ,  -1.051829  ,  0.782821  ,  -0.552023  ,  0.073174  
0.141287  ,  0.899743  ,  -1.052524  ,  0.783025  ,  -0.547685  ,  0.076435  
0.144017  ,  0.897845  ,  -1.053213  ,  0.783239  ,  -0.543320  ,  0.079673  
0.146770  ,  0.895932  ,  -1.053896  ,  0.783465  ,  -0.538927  ,  0.082889  
0.149547  ,  0.894004  ,  -1.054573  ,  0.783700  ,  -0.534505  ,  0.086080  
0.152348  ,  0.892060  ,  -1.055243  ,  0.783947  ,  -0.530054  ,  0.089245  
0.155175  ,  0.890100  ,  -1.055906  ,  0.784205  ,  -0.525573  ,  0.092385  
0.158026  ,  0.888124  ,  -1.056563  ,  0.784475  ,  -0.521062  ,  0.095497  
0.160923  ,  0.886117  ,  -1.057216  ,  0.784757  ,  -0.516491  ,  0.098601  
0.163880  ,  0.884070  ,  -1.057870  ,  0.785055  ,  -0.511839  ,  0.101698  
0.166914  ,  0.881971  ,  -1.058526  ,  0.785370  ,  -0.507080  ,  0.104795  
0.170042  ,  0.879808  ,  -1.059188  ,  0.785704  ,  -0.502192  ,  0.107899  
0.173278  ,  0.877571  ,  -1.059856  ,  0.786060  ,  -0.497152  ,  0.111015  
0.176637  ,  0.875251  ,  -1.060533  ,  0.786439  ,  -0.491942  ,  0.114148  
0.180131  ,  0.872839  ,  -1.061218  ,  0.786845  ,  -0.486542  ,  0.117302  
0.183771  ,  0.870327  ,  -1.061911  ,  0.787280  ,  -0.480937  ,  0.120479  
0.187565  ,  0.867710  ,  -1.062613  ,  0.787745  ,  -0.475115  ,  0.123677  
0.191523  ,  0.864982  ,  -1.063321  ,  0.788243  ,  -0.469064  ,  0.126896  
0.195650  ,  0.862138  ,  -1.064034  ,  0.788776  ,  -0.462778  ,  0.130130  
0.199952  ,  0.859175  ,  -1.064749  ,  0.789345  ,  -0.456248  ,  0.133373  
0.204432  ,  0.856090  ,  -1.065464  ,  0.789952  ,  -0.449471  ,  0.136618  
0.209096  ,  0.852880  ,  -1.066176  ,  0.790600  ,  -0.442444  ,  0.139854  
0.213945  ,  0.849543  ,  -1.066881  ,  0.791288  ,  -0.435162  ,  0.143068  
0.218984  ,  0.846077  ,  -1.067577  ,  0.792020  ,  -0.427625  ,  0.146249  
0.224214  ,  0.842479  ,  -1.068259  ,  0.792797  ,  -0.419831  ,  0.149380  
0.229640  ,  0.838747  ,  -1.068923  ,  0.793619  ,  -0.411778  ,  0.152445  
0.235265  ,  0.834879  ,  -1.069565  ,  0.794488  ,  -0.403464  ,  0.155427  
0.241092  ,  0.830871  ,  -1.070181  ,  0.795406  ,  -0.394887  ,  0.158307  
0.247126  ,  0.826721  ,  -1.070766  ,  0.796373  ,  -0.386046  ,  0.161064  
0.253370  ,  0.822425  ,  -1.071315  ,  0.797391  ,  -0.376938  ,  0.163678  
0.259828  ,  0.817981  ,  -1.071823  ,  0.798460  ,  -0.367562  ,  0.166125  
0.266504  ,  0.813384  ,  -1.072285  ,  0.799581  ,  -0.357916  ,  0.168381  
0.273403  ,  0.808632  ,  -1.072694  ,  0.800754  ,  -0.348000  ,  0.170421  
0.280526  ,  0.803722  ,  -1.073045  ,  0.801979  ,  -0.337812  ,  0.172220  
0.287877  ,  0.798650  ,  -1.073331  ,  0.803255  ,  -0.327355  ,  0.173750  
0.295458  ,  0.793414  ,  -1.073545  ,  0.804582  ,  -0.316630  ,  0.174983  
0.303236  ,  0.788037  ,  -1.073680  ,  0.805951  ,  -0.305688  ,  0.175888  
0.311186  ,  0.782533  ,  -1.073730  ,  0.807356  ,  -0.294563  ,  0.176450  
0.319286  ,  0.776918  ,  -1.073690  ,  0.808791  ,  -0.283288  ,  0.176653  
0.327520  ,  0.771200  ,  -1.073556  ,  0.810250  ,  -0.271888  ,  0.176482  
0.335875  ,  0.765388  ,  -1.073324  ,  0.811726  ,  -0.260382  ,  0.175921  
0.344343  ,  0.759486  ,  -1.072991  ,  0.813216  ,  -0.248785  ,  0.174957  
0.352918  ,  0.753497  ,  -1.072554  ,  0.814715  ,  -0.237108  ,  0.173575  
0.361597  ,  0.747422  ,  -1.072010  ,  0.816218  ,  -0.225359  ,  0.171764  
0.370378  ,  0.741261  ,  -1.071356  ,  0.817720  ,  -0.213541  ,  0.169512  
0.379264  ,  0.735010  ,  -1.070588  ,  0.819218  ,  -0.201655  ,  0.166808  
0.388257  ,  0.728668  ,  -1.069705  ,  0.820708  ,  -0.189701  ,  0.163642  
0.397359  ,  0.722230  ,  -1.068702  ,  0.822184  ,  -0.177679  ,  0.160004  
0.406571  ,  0.715695  ,  -1.067576  ,  0.823642  ,  -0.165589  ,  0.155887  
0.415896  ,  0.709060  ,  -1.066324  ,  0.825077  ,  -0.153431  ,  0.151283  
0.425334  ,  0.702323  ,  -1.064941  ,  0.826484  ,  -0.141208  ,  0.146186  
0.434885  ,  0.695481  ,  -1.063426  ,  0.827855  ,  -0.128919  ,  0.140593  
0.444550  ,  0.688535  ,  -1.061774  ,  0.829187  ,  -0.116569  ,  0.134501  
0.454328  ,  0.681482  ,  -1.059982  ,  0.830472  ,  -0.104159  ,  0.127906  
0.464219  ,  0.674322  ,  -1.058047  ,  0.831703  ,  -0.091692  ,  0.120809  
0.474222  ,  0.667053  ,  -1.055967  ,  0.832875  ,  -0.079172  ,  0.113210  
0.484338  ,  0.659674  ,  -1.053737  ,  0.833980  ,  -0.066600  ,  0.105110  
0.494565  ,  0.652184  ,  -1.051354  ,  0.835012  ,  -0.053981  ,  0.096512  
0.504905  ,  0.644582  ,  -1.048816  ,  0.835964  ,  -0.041316  ,  0.087417  
0.515358  ,  0.636866  ,  -1.046118  ,  0.836827  ,  -0.028608  ,  0.077830  
0.525923  ,  0.629036  ,  -1.043259  ,  0.837596  ,  -0.015859  ,  0.067757  
0.536601  ,  0.621090  ,  -1.040234  ,  0.838263  ,  -0.003073  ,  0.057201  
0.547394  ,  0.613026  ,  -1.037040  ,  0.838820  ,  0.009750  ,  0.046171  
0.558303  ,  0.604843  ,  -1.033673  ,  0.839260  ,  0.022606  ,  0.034672  
0.569328  ,  0.596539  ,  -1.030129  ,  0.839575  ,  0.035494  ,  0.022714  
0.580471  ,  0.588114  ,  -1.026406  ,  0.839757  ,  0.048411  ,  0.010305  
0.591733  ,  0.579564  ,  -1.022499  ,  0.839799  ,  0.061355  ,  -0.002545  
0.603117  ,  0.570890  ,  -1.018403  ,  0.839692  ,  0.074324  ,  -0.015825  
0.614625  ,  0.562090  ,  -1.014116  ,  0.839429  ,  0.087316  ,  -0.029525  
0.626258  ,  0.553161  ,  -1.009631  ,  0.839000  ,  0.100327  ,  -0.043631  
0.638020  ,  0.544102  ,  -1.004946  ,  0.838399  ,  0.113357  ,  -0.058131  
0.649914  ,  0.534913  ,  -1.000055  ,  0.837615  ,  0.126402  ,  -0.073012  
0.661941  ,  0.525591  ,  -0.994952  ,  0.836642  ,  0.139459  ,  -0.088258  
0.674107  ,  0.516134  ,  -0.989634  ,  0.835469  ,  0.152527  ,  -0.103854  
0.686414  ,  0.506542  ,  -0.984093  ,  0.834089  ,  0.165602  ,  -0.119785  
0.698868  ,  0.496813  ,  -0.978325  ,  0.832492  ,  0.178681  ,  -0.136033  
0.711472  ,  0.486945  ,  -0.972322  ,  0.830668  ,  0.191761  ,  -0.152582  
0.724231  ,  0.476938  ,  -0.966079  ,  0.828609  ,  0.204838  ,  -0.169412  
0.737151  ,  0.466788  ,  -0.959588  ,  0.826304  ,  0.217910  ,  -0.186506  
0.750239  ,  0.456496  ,  -0.952841  ,  0.823744  ,  0.230971  ,  -0.203844  
0.763682  ,  0.445916  ,  -0.945733  ,  0.820879  ,  0.244198  ,  -0.221646  
0.777675  ,  0.434899  ,  -0.938146  ,  0.817641  ,  0.257746  ,  -0.240123  
0.792355  ,  0.423344  ,  -0.929983  ,  0.813968  ,  0.271710  ,  -0.259405  
0.807825  ,  0.411176  ,  -0.921157  ,  0.809792  ,  0.286147  ,  -0.279572  
0.824153  ,  0.398351  ,  -0.911598  ,  0.805046  ,  0.301071  ,  -0.300644  
0.841382  ,  0.384849  ,  -0.901246  ,  0.799668  ,  0.316467  ,  -0.322596  
0.859537  ,  0.370670  ,  -0.890047  ,  0.793595  ,  0.332295  ,  -0.345361  
0.878633  ,  0.355822  ,  -0.877953  ,  0.786765  ,  0.348501  ,  -0.368850  
0.898689  ,  0.340320  ,  -0.864914  ,  0.779114  ,  0.365020  ,  -0.392951  
0.919727  ,  0.324180  ,  -0.850875  ,  0.770575  ,  0.381784  ,  -0.417541  
0.941786  ,  0.307416  ,  -0.835771  ,  0.761076  ,  0.398725  ,  -0.442489  
0.964916  ,  0.290040  ,  -0.819526  ,  0.750535  ,  0.415770  ,  -0.467657  
0.989189  ,  0.272059  ,  -0.802049  ,  0.738861  ,  0.432846  ,  -0.492896  
1.014701  ,  0.253479  ,  -0.783230  ,  0.725949  ,  0.449872  ,  -0.518046  
1.041577  ,  0.234302  ,  -0.762938  ,  0.711675  ,  0.466764  ,  -0.542934  
1.069979  ,  0.214525  ,  -0.741006  ,  0.695889  ,  0.483425  ,  -0.567369  
1.100133  ,  0.194135  ,  -0.717221  ,  0.678404  ,  0.499751  ,  -0.591143  
1.132356  ,  0.173103  ,  -0.691296  ,  0.658968  ,  0.515622  ,  -0.614025  
1.167127  ,  0.151357  ,  -0.662808  ,  0.637220  ,  0.530909  ,  -0.635762  
1.205255  ,  0.128731  ,  -0.631064  ,  0.612574  ,  0.545478  ,  -0.656079  
1.248338  ,  0.104807  ,  -0.594708  ,  0.583887  ,  0.559215  ,  -0.674695  
1.298338  ,  0.079355  ,  -0.552104  ,  0.549730  ,  0.571640  ,  -0.690751  
1.348338  ,  0.056504  ,  -0.509329  ,  0.514924  ,  0.580267  ,  -0.701016  
1.398338  ,  0.036328  ,  -0.466693  ,  0.479758  ,  0.584865  ,  -0.705625  
1.443037  ,  0.020580  ,  -0.428942  ,  0.448241  ,  0.585543  ,  -0.705118  
1.482588  ,  0.008434  ,  -0.396019  ,  0.420457  ,  0.583167  ,  -0.700960  
1.517491  ,  -0.000916  ,  -0.367469  ,  0.396132  ,  0.578714  ,  -0.694469  
1.549050  ,  -0.008296  ,  -0.342156  ,  0.374372  ,  0.572802  ,  -0.686422  
1.578240  ,  -0.014241  ,  -0.319232  ,  0.354499  ,  0.565866  ,  -0.677324  
1.605859  ,  -0.019116  ,  -0.298022  ,  0.335959  ,  0.558139  ,  -0.667433  
1.632455  ,  -0.023146  ,  -0.278077  ,  0.318378  ,  0.549760  ,  -0.656904  
1.658405  ,  -0.026476  ,  -0.259098  ,  0.301504  ,  0.540803  ,  -0.645821  
1.683949  ,  -0.029199  ,  -0.240905  ,  0.285185  ,  0.531312  ,  -0.634240  
1.709228  ,  -0.031376  ,  -0.223398  ,  0.269333  ,  0.521320  ,  -0.622205  
1.734318  ,  -0.033056  ,  -0.206528  ,  0.253907  ,  0.510860  ,  -0.609760  
1.759250  ,  -0.034275  ,  -0.190277  ,  0.238893  ,  0.499967  ,  -0.596952  
1.784033  ,  -0.035069  ,  -0.174643  ,  0.224291  ,  0.488678  ,  -0.583829  
1.808663  ,  -0.035472  ,  -0.159628  ,  0.210105  ,  0.477033  ,  -0.570438  
1.833135  ,  -0.035515  ,  -0.145233  ,  0.196341  ,  0.465072  ,  -0.556827  
1.857447  ,  -0.035231  ,  -0.131455  ,  0.183000  ,  0.452834  ,  -0.543038  
1.881600  ,  -0.034652  ,  -0.118289  ,  0.170082  ,  0.440355  ,  -0.529109  
1.905601  ,  -0.033806  ,  -0.105723  ,  0.157580  ,  0.427667  ,  -0.515073  
1.929459  ,  -0.032721  ,  -0.093745  ,  0.145489  ,  0.414799  ,  -0.500959  
1.953185  ,  -0.031422  ,  -0.082340  ,  0.133799  ,  0.401780  ,  -0.486793  
1.976793  ,  -0.029935  ,  -0.071492  ,  0.122502  ,  0.388636  ,  -0.472594  
2.000296  ,  -0.028281  ,  -0.061188  ,  0.111590  ,  0.375408  ,  -0.458381  
2.023707  ,  -0.026480  ,  -0.051410  ,  0.101053  ,  0.362140  ,  -0.444171  
2.047038  ,  -0.024551  ,  -0.042145  ,  0.090883  ,  0.348873  ,  -0.429977  
2.070303  ,  -0.022511  ,  -0.033375  ,  0.081071  ,  0.335635  ,  -0.415809  
2.093512  ,  -0.020376  ,  -0.025087  ,  0.071611  ,  0.322455  ,  -0.401677  
2.116676  ,  -0.018161  ,  -0.017265  ,  0.062495  ,  0.309357  ,  -0.387588  
2.139807  ,  -0.015878  ,  -0.009896  ,  0.053718  ,  0.296361  ,  -0.373548  
2.162914  ,  -0.013540  ,  -0.002966  ,  0.045273  ,  0.283487  ,  -0.359561  
2.186007  ,  -0.011158  ,  0.003538  ,  0.037156  ,  0.270751  ,  -0.345632  
2.209095  ,  -0.008743  ,  0.009630  ,  0.029360  ,  0.258168  ,  -0.331762  
2.232188  ,  -0.006304  ,  0.015322  ,  0.021882  ,  0.245751  ,  -0.317954  
2.255298  ,  -0.003849  ,  0.020627  ,  0.014716  ,  0.233510  ,  -0.304206  
2.278433  ,  -0.001386  ,  0.025557  ,  0.007860  ,  0.221457  ,  -0.290520  
2.301604  ,  0.001076  ,  0.030123  ,  0.001308  ,  0.209598  ,  -0.276894  
2.324824  ,  0.003533  ,  0.034337  ,  -0.004942  ,  0.197942  ,  -0.263325  
2.348103  ,  0.005978  ,  0.038211  ,  -0.010893  ,  0.186494  ,  -0.249812  
2.371453  ,  0.008405  ,  0.041755  ,  -0.016548  ,  0.175260  ,  -0.236353  
2.394889  ,  0.010809  ,  0.044978  ,  -0.021910  ,  0.164244  ,  -0.222943  
2.418424  ,  0.013187  ,  0.047892  ,  -0.026980  ,  0.153449  ,  -0.209579  
2.442072  ,  0.015535  ,  0.050506  ,  -0.031759  ,  0.142878  ,  -0.196258  
2.465850  ,  0.017847  ,  0.052828  ,  -0.036249  ,  0.132533  ,  -0.182975  
2.489776  ,  0.020123  ,  0.054868  ,  -0.040450  ,  0.122415  ,  -0.169742  
2.513869  ,  0.022358  ,  0.056633  ,  -0.044364  ,  0.112524  ,  -0.156585  
2.538150  ,  0.024550  ,  0.058133  ,  -0.047990  ,  0.102862  ,  -0.143527  
2.562644  ,  0.026696  ,  0.059373  ,  -0.051331  ,  0.093427  ,  -0.130591  
2.587377  ,  0.028795  ,  0.060362  ,  -0.054386  ,  0.084219  ,  -0.117794  
2.612376  ,  0.030843  ,  0.061106  ,  -0.057157  ,  0.075236  ,  -0.105154  
2.637673  ,  0.032840  ,  0.061610  ,  -0.059645  ,  0.066478  ,  -0.092683  
2.663303  ,  0.034782  ,  0.061880  ,  -0.061848  ,  0.057943  ,  -0.080393  
2.689304  ,  0.036669  ,  0.061921  ,  -0.063767  ,  0.049629  ,  -0.068297  
2.715721  ,  0.038497  ,  0.061737  ,  -0.065401  ,  0.041536  ,  -0.056402  
2.742603  ,  0.040266  ,  0.061331  ,  -0.066748  ,  0.033660  ,  -0.044716  
2.770007  ,  0.041972  ,  0.060705  ,  -0.067804  ,  0.026001  ,  -0.033247  
2.798003  ,  0.043615  ,  0.059862  ,  -0.068566  ,  0.018555  ,  -0.022000  
2.826673  ,  0.045191  ,  0.058800  ,  -0.069028  ,  0.011320  ,  -0.010980  
2.856116  ,  0.046698  ,  0.057519  ,  -0.069183  ,  0.004291  ,  -0.000188  
2.886459  ,  0.048135  ,  0.056014  ,  -0.069019  ,  -0.002536  ,  0.010373  
2.917864  ,  0.049497  ,  0.054278  ,  -0.068522  ,  -0.009169  ,  0.020707  
2.950551  ,  0.050783  ,  0.052300  ,  -0.067672  ,  -0.015617  ,  0.030820  
2.984826  ,  0.051987  ,  0.050059  ,  -0.066439  ,  -0.021896  ,  0.040727  
3.021155  ,  0.053105  ,  0.047525  ,  -0.064777  ,  -0.028033  ,  0.050459  
3.060310  ,  0.054133  ,  0.044637  ,  -0.062608  ,  -0.034076  ,  0.060079  
3.103824  ,  0.055062  ,  0.041273  ,  -0.059779  ,  -0.040134  ,  0.069741  
3.153824  ,  0.055862  ,  0.037256  ,  -0.056043  ,  -0.046302  ,  0.079556  
3.203824  ,  0.056381  ,  0.033125  ,  -0.051852  ,  -0.051656  ,  0.088012  
3.253824  ,  0.056633  ,  0.028931  ,  -0.047276  ,  -0.056184  ,  0.095088  
3.297128  ,  0.056641  ,  0.025286  ,  -0.043053  ,  -0.059444  ,  0.100123  
3.335821  ,  0.056493  ,  0.022044  ,  -0.039117  ,  -0.061781  ,  0.103640  
3.370499  ,  0.056243  ,  0.019169  ,  -0.035490  ,  -0.063433  ,  0.106020  
3.402627  ,  0.055916  ,  0.016544  ,  -0.032067  ,  -0.064605  ,  0.107576  
3.433022  ,  0.055528  ,  0.014104  ,  -0.028792  ,  -0.065427  ,  0.108514  
3.462365  ,  0.055082  ,  0.011797  ,  -0.025611  ,  -0.065982  ,  0.108959  
3.491077  ,  0.054582  ,  0.009591  ,  -0.022491  ,  -0.066321  ,  0.108990  
3.519441  ,  0.054027  ,  0.007467  ,  -0.019413  ,  -0.066476  ,  0.108653  
3.547624  ,  0.053419  ,  0.005416  ,  -0.016370  ,  -0.066465  ,  0.107976  
3.575720  ,  0.052758  ,  0.003432  ,  -0.013359  ,  -0.066300  ,  0.106979  
3.603777  ,  0.052047  ,  0.001516  ,  -0.010385  ,  -0.065992  ,  0.105676  
3.631815  ,  0.051286  ,  -0.000330  ,  -0.007454  ,  -0.065547  ,  0.104079  
3.659842  ,  0.050477  ,  -0.002105  ,  -0.004572  ,  -0.064974  ,  0.102201  
3.687866  ,  0.049624  ,  -0.003806  ,  -0.001747  ,  -0.064279  ,  0.100055  
3.715893  ,  0.048727  ,  -0.005433  ,  0.001014  ,  -0.063469  ,  0.097652  
3.743935  ,  0.047789  ,  -0.006984  ,  0.003706  ,  -0.062551  ,  0.095007  
3.772010  ,  0.046811  ,  -0.008457  ,  0.006324  ,  -0.061531  ,  0.092129  
3.800136  ,  0.045795  ,  -0.009854  ,  0.008862  ,  -0.060416  ,  0.089032  
3.828337  ,  0.044741  ,  -0.011173  ,  0.011317  ,  -0.059212  ,  0.085727  
3.856637  ,  0.043652  ,  -0.012414  ,  0.013684  ,  -0.057924  ,  0.082224  
3.885059  ,  0.042527  ,  -0.013578  ,  0.015960  ,  -0.056557  ,  0.078533  
3.913631  ,  0.041369  ,  -0.014663  ,  0.018139  ,  -0.055116  ,  0.074667  
3.942378  ,  0.040178  ,  -0.015670  ,  0.020219  ,  -0.053606  ,  0.070634  
3.971327  ,  0.038954  ,  -0.016599  ,  0.022194  ,  -0.052030  ,  0.066445  
4.000504  ,  0.037700  ,  -0.017448  ,  0.024061  ,  -0.050394  ,  0.062110  
4.029940  ,  0.036416  ,  -0.018219  ,  0.025814  ,  -0.048702  ,  0.057641  
4.059663  ,  0.035102  ,  -0.018910  ,  0.027451  ,  -0.046956  ,  0.053047  
4.089707  ,  0.033760  ,  -0.019522  ,  0.028965  ,  -0.045161  ,  0.048342  
4.120105  ,  0.032392  ,  -0.020054  ,  0.030354  ,  -0.043321  ,  0.043544  
4.150896  ,  0.030997  ,  -0.020507  ,  0.031611  ,  -0.041439  ,  0.038668  
4.182122  ,  0.029577  ,  -0.020879  ,  0.032734  ,  -0.039518  ,  0.033733  
4.213831  ,  0.028133  ,  -0.021170  ,  0.033717  ,  -0.037562  ,  0.028756  
4.246075  ,  0.026667  ,  -0.021380  ,  0.034556  ,  -0.035575  ,  0.023752  
4.278913  ,  0.025178  ,  -0.021510  ,  0.035246  ,  -0.033560  ,  0.018740  
4.312414  ,  0.023669  ,  -0.021558  ,  0.035783  ,  -0.031521  ,  0.013735  
4.346658  ,  0.022140  ,  -0.021524  ,  0.036162  ,  -0.029460  ,  0.008754  
4.381737  ,  0.020592  ,  -0.021407  ,  0.036376  ,  -0.027380  ,  0.003814  
4.417765  ,  0.019026  ,  -0.021207  ,  0.036419  ,  -0.025283  ,  -0.001069  
4.454879  ,  0.017443  ,  -0.020922  ,  0.036284  ,  -0.023171  ,  -0.005878  
4.493255  ,  0.015843  ,  -0.020550  ,  0.035963  ,  -0.021044  ,  -0.010598  
4.533121  ,  0.014224  ,  -0.020089  ,  0.035444  ,  -0.018902  ,  -0.015210  
4.574786  ,  0.012586  ,  -0.019535  ,  0.034712  ,  -0.016743  ,  -0.019701  
4.618698  ,  0.010925  ,  -0.018881  ,  0.033747  ,  -0.014562  ,  -0.024055  
4.665552  ,  0.009231  ,  -0.018117  ,  0.032518  ,  -0.012346  ,  -0.028262  
4.715552  ,  0.007520  ,  -0.017239  ,  0.031003  ,  -0.010113  ,  -0.032245  
4.765552  ,  0.005915  ,  -0.016312  ,  0.029303  ,  -0.008018  ,  -0.035691  
4.815552  ,  0.004422  ,  -0.015351  ,  0.027445  ,  -0.006047  ,  -0.038600  
4.865552  ,  0.003044  ,  -0.014367  ,  0.025456  ,  -0.004206  ,  -0.040969  
4.915552  ,  0.001786  ,  -0.013375  ,  0.023363  ,  -0.002498  ,  -0.042804  
4.965552  ,  0.000650  ,  -0.012385  ,  0.021192  ,  -0.000924  ,  -0.044115  
5.013084  ,  -0.000316  ,  -0.011456  ,  0.019080  ,  0.000447  ,  -0.044888  
5.058217  ,  -0.001130  ,  -0.010592  ,  0.017052  ,  0.001639  ,  -0.045180  
5.101096  ,  -0.001811  ,  -0.009795  ,  0.015122  ,  0.002670  ,  -0.045069  
5.142281  ,  -0.002380  ,  -0.009056  ,  0.013281  ,  0.003568  ,  -0.044621  
5.182229  ,  -0.002855  ,  -0.008366  ,  0.011519  ,  0.004352  ,  -0.043887  
5.221352  ,  -0.003247  ,  -0.007722  ,  0.009827  ,  0.005039  ,  -0.042907  
5.259955  ,  -0.003567  ,  -0.007117  ,  0.008200  ,  0.005640  ,  -0.041707  
5.298262  ,  -0.003818  ,  -0.006551  ,  0.006635  ,  0.006164  ,  -0.040312  
5.336430  ,  -0.004007  ,  -0.006021  ,  0.005133  ,  0.006617  ,  -0.038738  
5.374571  ,  -0.004136  ,  -0.005527  ,  0.003694  ,  0.007004  ,  -0.037001  
5.412763  ,  -0.004209  ,  -0.005070  ,  0.002323  ,  0.007329  ,  -0.035118  
5.451068  ,  -0.004228  ,  -0.004648  ,  0.001023  ,  0.007595  ,  -0.033102  
5.489537  ,  -0.004196  ,  -0.004263  ,  -0.000204  ,  0.007806  ,  -0.030968  
5.528218  ,  -0.004116  ,  -0.003913  ,  -0.001352  ,  0.007965  ,  -0.028730  
5.567161  ,  -0.003989  ,  -0.003600  ,  -0.002420  ,  0.008073  ,  -0.026401  
5.606419  ,  -0.003818  ,  -0.003322  ,  -0.003404  ,  0.008135  ,  -0.023997  
5.646052  ,  -0.003605  ,  -0.003080  ,  -0.004300  ,  0.008151  ,  -0.021529  
5.686123  ,  -0.003353  ,  -0.002872  ,  -0.005107  ,  0.008125  ,  -0.019013  
5.726706  ,  -0.003064  ,  -0.002698  ,  -0.005822  ,  0.008059  ,  -0.016465  
5.767881  ,  -0.002740  ,  -0.002558  ,  -0.006442  ,  0.007954  ,  -0.013898  
5.809742  ,  -0.002384  ,  -0.002450  ,  -0.006965  ,  0.007813  ,  -0.011329  
5.852394  ,  -0.001997  ,  -0.002374  ,  -0.007389  ,  0.007636  ,  -0.008770  
5.895961  ,  -0.001582  ,  -0.002328  ,  -0.007712  ,  0.007427  ,  -0.006236  
5.940591  ,  -0.001141  ,  -0.002312  ,  -0.007930  ,  0.007186  ,  -0.003740  
5.986465  ,  -0.000675  ,  -0.002325  ,  -0.008042  ,  0.006914  ,  -0.001298  
6.033812  ,  -0.000188  ,  -0.002364  ,  -0.008044  ,  0.006611  ,  0.001079  
6.082931  ,  0.000321  ,  -0.002430  ,  -0.007932  ,  0.006280  ,  0.003375  
6.132931  ,  0.000834  ,  -0.002518  ,  -0.007707  ,  0.005927  ,  0.005521  
6.182931  ,  0.001340  ,  -0.002622  ,  -0.007380  ,  0.005561  ,  0.007466  
6.232931  ,  0.001831  ,  -0.002739  ,  -0.006962  ,  0.005183  ,  0.009205  
6.282931  ,  0.002304  ,  -0.002863  ,  -0.006463  ,  0.004799  ,  0.010731  
6.332931  ,  0.002753  ,  -0.002992  ,  -0.005893  ,  0.004410  ,  0.012040  
6.382931  ,  0.003177  ,  -0.003122  ,  -0.005263  ,  0.004021  ,  0.013129  
6.432931  ,  0.003570  ,  -0.003249  ,  -0.004586  ,  0.003635  ,  0.014000  
6.482931  ,  0.003931  ,  -0.003369  ,  -0.003870  ,  0.003255  ,  0.014656  
6.532931  ,  0.004257  ,  -0.003481  ,  -0.003127  ,  0.002883  ,  0.015102  
6.582931  ,  0.004546  ,  -0.003582  ,  -0.002367  ,  0.002522  ,  0.015345  
6.632931  ,  0.004798  ,  -0.003670  ,  -0.001601  ,  0.002172  ,  0.015393  
6.682931  ,  0.005010  ,  -0.003743  ,  -0.000837  ,  0.001837  ,  0.015257  
6.732931  ,  0.005183  ,  -0.003799  ,  -0.000084  ,  0.001518  ,  0.014948  
6.782931  ,  0.005317  ,  -0.003837  ,  0.000649  ,  0.001215  ,  0.014480  
6.832310  ,  0.005412  ,  -0.003858  ,  0.001346  ,  0.000933  ,  0.013874  
6.881141  ,  0.005468  ,  -0.003860  ,  0.002003  ,  0.000671  ,  0.013146  
6.929476  ,  0.005489  ,  -0.003844  ,  0.002615  ,  0.000430  ,  0.012311  
6.977505  ,  0.005477  ,  -0.003811  ,  0.003181  ,  0.000208  ,  0.011385  
7.025406  ,  0.005434  ,  -0.003761  ,  0.003700  ,  0.000005  ,  0.010382  
7.073358  ,  0.005362  ,  -0.003694  ,  0.004169  ,  -0.000181  ,  0.009312  
7.121521  ,  0.005261  ,  -0.003612  ,  0.004587  ,  -0.000350  ,  0.008189  
7.170040  ,  0.005133  ,  -0.003514  ,  0.004953  ,  -0.000502  ,  0.007022  
7.219048  ,  0.004980  ,  -0.003401  ,  0.005265  ,  -0.000638  ,  0.005823  
7.268675  ,  0.004803  ,  -0.003274  ,  0.005521  ,  -0.000757  ,  0.004603  
7.318675  ,  0.004604  ,  -0.003133  ,  0.005719  ,  -0.000861  ,  0.003383  
7.368675  ,  0.004389  ,  -0.002982  ,  0.005855  ,  -0.000948  ,  0.002186  
7.418675  ,  0.004159  ,  -0.002823  ,  0.005933  ,  -0.001019  ,  0.001020  
7.468675  ,  0.003917  ,  -0.002657  ,  0.005954  ,  -0.001076  ,  -0.000101  
7.518675  ,  0.003667  ,  -0.002485  ,  0.005921  ,  -0.001118  ,  -0.001168  
7.568675  ,  0.003411  ,  -0.002310  ,  0.005836  ,  -0.001147  ,  -0.002172  
7.618675  ,  0.003151  ,  -0.002133  ,  0.005703  ,  -0.001164  ,  -0.003104  
7.668675  ,  0.002891  ,  -0.001956  ,  0.005525  ,  -0.001170  ,  -0.003957  
7.718675  ,  0.002632  ,  -0.001780  ,  0.005307  ,  -0.001166  ,  -0.004726  
7.768675  ,  0.002376  ,  -0.001608  ,  0.005053  ,  -0.001153  ,  -0.005408  
7.818675  ,  0.002127  ,  -0.001440  ,  0.004768  ,  -0.001131  ,  -0.005998  
7.868675  ,  0.001885  ,  -0.001278  ,  0.004455  ,  -0.001103  ,  -0.006495  
7.918675  ,  0.001653  ,  -0.001123  ,  0.004120  ,  -0.001067  ,  -0.006899  
7.968675  ,  0.001432  ,  -0.000976  ,  0.003768  ,  -0.001027  ,  -0.007210  
8.018675  ,  0.001223  ,  -0.000839  ,  0.003402  ,  -0.000981  ,  -0.007429  
8.068675  ,  0.001027  ,  -0.000711  ,  0.003028  ,  -0.000932  ,  -0.007558  
8.118675  ,  0.000846  ,  -0.000594  ,  0.002650  ,  -0.000880  ,  -0.007601  
8.168675  ,  0.000680  ,  -0.000488  ,  0.002271  ,  -0.000825  ,  -0.007562  
8.218675  ,  0.000529  ,  -0.000394  ,  0.001897  ,  -0.000769  ,  -0.007446  
8.268675  ,  0.000395  ,  -0.000311  ,  0.001531  ,  -0.000712  ,  -0.007257  
8.318675  ,  0.000276  ,  -0.000241  ,  0.001175  ,  -0.000654  ,  -0.007002  
8.368675  ,  0.000174  ,  -0.000182  ,  0.000834  ,  -0.000596  ,  -0.006686  
8.418675  ,  0.000087  ,  -0.000135  ,  0.000510  ,  -0.000538  ,  -0.006317  
8.468675  ,  0.000016  ,  -0.000100  ,  0.000206  ,  -0.000482  ,  -0.005901  
8.518675  ,  -0.000040  ,  -0.000076  ,  -0.000076  ,  -0.000426  ,  -0.005445  
8.568675  ,  -0.000082  ,  -0.000062  ,  -0.000335  ,  -0.000373  ,  -0.004957  
8.618675  ,  -0.000110  ,  -0.000058  ,  -0.000569  ,  -0.000321  ,  -0.004442  
8.668675  ,  -0.000125  ,  -0.000064  ,  -0.000776  ,  -0.000271  ,  -0.003909  
8.718675  ,  -0.000128  ,  -0.000078  ,  -0.000957  ,  -0.000224  ,  -0.003365  
8.768675  ,  -0.000120  ,  -0.000100  ,  -0.001110  ,  -0.000179  ,  -0.002815  
8.818675  ,  -0.000102  ,  -0.000129  ,  -0.001236  ,  -0.000136  ,  -0.002266  
8.868675  ,  -0.000075  ,  -0.000165  ,  -0.001335  ,  -0.000097  ,  -0.001725  
8.918675  ,  -0.000040  ,  -0.000205  ,  -0.001407  ,  -0.000060  ,  -0.001197  
8.968675  ,  0.000002  ,  -0.000249  ,  -0.001453  ,  -0.000026  ,  -0.000687  
9.018675  ,  0.000049  ,  -0.000297  ,  -0.001475  ,  0.000005  ,  -0.000201  
9.068675  ,  0.000101  ,  -0.000348  ,  -0.001472  ,  0.000033  ,  0.000259  
9.118675  ,  0.000156  ,  -0.000400  ,  -0.001448  ,  0.000058  ,  0.000687  
9.168675  ,  0.000213  ,  -0.000452  ,  -0.001403  ,  0.000081  ,  0.001082  
9.218675  ,  0.000272  ,  -0.000505  ,  -0.001340  ,  0.000101  ,  0.001440  
9.268675  ,  0.000331  ,  -0.000556  ,  -0.001260  ,  0.000118  ,  0.001760  
9.318675  ,  0.000390  ,  -0.000606  ,  -0.001165  ,  0.000133  ,  0.002040  
9.368675  ,  0.000448  ,  -0.000654  ,  -0.001056  ,  0.000145  ,  0.002279  
9.418675  ,  0.000503  ,  -0.000699  ,  -0.000938  ,  0.000156  ,  0.002477  
9.468675  ,  0.000555  ,  -0.000740  ,  -0.000810  ,  0.000163  ,  0.002634  
9.518675  ,  0.000605  ,  -0.000778  ,  -0.000675  ,  0.000169  ,  0.002750  
9.568675  ,  0.000650  ,  -0.000811  ,  -0.000536  ,  0.000173  ,  0.002826  
9.618675  ,  0.000691  ,  -0.000839  ,  -0.000394  ,  0.000175  ,  0.002864  
9.668675  ,  0.000727  ,  -0.000863  ,  -0.000251  ,  0.000176  ,  0.002866  
9.718675  ,  0.000758  ,  -0.000882  ,  -0.000109  ,  0.000175  ,  0.002833  
9.768675  ,  0.000784  ,  -0.000895  ,  0.000030  ,  0.000173  ,  0.002767  
9.818675  ,  0.000804  ,  -0.000904  ,  0.000166  ,  0.000169  ,  0.002672  
