time  , ref_x  , ref_y  , ref_alpha  , x  , y  , alpha  , ref_vx  , ref_vy  , ref_omega  , vx  , vy  , omega  
0.000000  ,  0.000000,  0.000000,  0.785398,  1.000000,  -1.000000,  1.570796,  1.000000,  0.000000,  0.000000,  0.200000,  0.000000,  0.000000
0.000094  ,  0.000066,  0.000066,  0.785398,  1.000000,  -0.999981,  1.570796,  1.000000,  0.000000,  0.000000,  0.200073,  -0.000000,  0.000014
0.000094  ,  0.000066,  0.000066,  0.785398,  1.000000,  -0.999981,  1.570796,  1.000000,  0.000000,  0.000000,  0.200078,  -0.000000,  0.000021
0.000094  ,  0.000066,  0.000066,  0.785398,  1.000000,  -0.999981,  1.570796,  1.000000,  0.000000,  0.000000,  0.200083,  -0.000000,  0.000028
0.000094  ,  0.000066,  0.000066,  0.785398,  1.000000,  -0.999981,  1.570796,  1.000000,  0.000000,  0.000000,  0.200089,  -0.000000,  0.000035
0.000094  ,  0.000066,  0.000066,  0.785398,  1.000000,  -0.999981,  1.570796,  1.000000,  0.000000,  0.000000,  0.200096,  -0.000000,  0.000044
0.000094  ,  0.000066,  0.000066,  0.785398,  1.000000,  -0.999981,  1.570796,  1.000000,  0.000000,  0.000000,  0.201560,  -0.000000,  0.001962
0.000094  ,  0.000066,  0.000066,  0.785398,  1.000000,  -0.999981,  1.570796,  1.000000,  0.000000,  0.000000,  0.205804,  -0.000000,  -0.025772
0.000094  ,  0.000066,  0.000066,  0.785398,  1.000000,  -0.999981,  1.570796,  1.000000,  0.000000,  0.000000,  0.208707,  -0.000000,  -0.038405
0.000094  ,  0.000066,  0.000066,  0.785398,  1.000000,  -0.999981,  1.570796,  1.000000,  0.000000,  0.000000,  0.210691,  -0.000000,  -0.043082
0.000094  ,  0.000066,  0.000066,  0.785398,  1.000000,  -0.999981,  1.570796,  1.000000,  0.000000,  0.000000,  0.212048,  -0.000000,  -0.043082
0.000094  ,  0.000066,  0.000066,  0.785398,  1.000000,  -0.999981,  1.570796,  1.000000,  0.000000,  0.000000,  0.213259,  -0.000000,  -0.043082
0.000094  ,  0.000066,  0.000066,  0.785398,  1.000000,  -0.999981,  1.570796,  1.000000,  0.000000,  0.000000,  0.214123,  -0.000000,  -0.043082
0.000094  ,  0.000066,  0.000066,  0.785398,  1.000000,  -0.999981,  1.570796,  1.000000,  0.000000,  0.000000,  0.214753,  -0.000000,  -0.043082
0.000094  ,  0.000066,  0.000066,  0.785398,  1.000000,  -0.999981,  1.570796,  1.000000,  0.000000,  0.000000,  0.215216,  -0.000000,  -0.043082
0.000094  ,  0.000066,  0.000066,  0.785398,  1.000000,  -0.999981,  1.570796,  1.000000,  0.000000,  0.000000,  0.215549,  -0.000000,  -0.043082
0.000094  ,  0.000066,  0.000066,  0.785398,  1.000000,  -0.999981,  1.570796,  1.000000,  0.000000,  0.000000,  0.215794,  -0.000000,  -0.043082
0.000094  ,  0.000066,  0.000066,  0.785398,  1.000000,  -0.999981,  1.570796,  1.000000,  0.000000,  0.000000,  0.215971,  -0.000000,  -0.043082
0.000094  ,  0.000066,  0.000066,  0.785398,  1.000000,  -0.999981,  1.570796,  1.000000,  0.000000,  0.000000,  0.216101,  -0.000000,  -0.043082
0.000094  ,  0.000066,  0.000066,  0.785398,  1.000000,  -0.999981,  1.570796,  1.000000,  0.000000,  0.000000,  0.216195,  -0.000000,  -0.043082
0.000094  ,  0.000066,  0.000066,  0.785398,  1.000000,  -0.999981,  1.570796,  1.000000,  0.000000,  0.000000,  0.216264,  -0.000000,  -0.043082
0.000094  ,  0.000066,  0.000066,  0.785398,  1.000000,  -0.999981,  1.570796,  1.000000,  0.000000,  0.000000,  0.216314,  -0.000000,  -0.043082
0.000094  ,  0.000066,  0.000066,  0.785398,  1.000000,  -0.999981,  1.570796,  1.000000,  0.000000,  0.000000,  0.216350,  -0.000000,  -0.043082
0.000094  ,  0.000066,  0.000066,  0.785398,  1.000000,  -0.999981,  1.570796,  1.000000,  0.000000,  0.000000,  0.216377,  -0.000000,  -0.043082
0.000094  ,  0.000066,  0.000066,  0.785398,  1.000000,  -0.999981,  1.570796,  1.000000,  0.000000,  0.000000,  0.216396,  -0.000000,  -0.043082
0.000094  ,  0.000066,  0.000066,  0.785398,  1.000000,  -0.999981,  1.570796,  1.000000,  0.000000,  0.000000,  0.216410,  -0.000000,  -0.043082
0.000094  ,  0.000066,  0.000066,  0.785398,  1.000000,  -0.999981,  1.570796,  1.000000,  0.000000,  0.000000,  0.216420,  -0.000000,  -0.043082
0.000094  ,  0.000066,  0.000066,  0.785398,  1.000000,  -0.999981,  1.570796,  1.000000,  0.000000,  0.000000,  0.216428,  -0.000000,  -0.043082
0.000094  ,  0.000066,  0.000066,  0.785398,  1.000000,  -0.999981,  1.570796,  1.000000,  0.000000,  0.000000,  0.216433,  -0.000000,  -0.043082
0.000094  ,  0.000066,  0.000066,  0.785398,  1.000000,  -0.999981,  1.570796,  1.000000,  0.000000,  0.000000,  0.216437,  -0.000000,  -0.043082
0.000094  ,  0.000066,  0.000066,  0.785398,  1.000000,  -0.999981,  1.570796,  1.000000,  0.000000,  0.000000,  0.216440,  -0.000000,  -0.043082
0.000094  ,  0.000066,  0.000066,  0.785398,  1.000000,  -0.999981,  1.570796,  1.000000,  0.000000,  0.000000,  0.216442,  -0.000000,  -0.043082
0.000094  ,  0.000066,  0.000066,  0.785398,  1.000000,  -0.999981,  1.570796,  1.000000,  0.000000,  0.000000,  0.216444,  -0.000000,  -0.043082
0.000094  ,  0.000066,  0.000066,  0.785398,  1.000000,  -0.999981,  1.570796,  1.000000,  0.000000,  0.000000,  0.216445,  -0.000000,  -0.043082
0.000094  ,  0.000066,  0.000066,  0.785398,  1.000000,  -0.999981,  1.570796,  1.000000,  0.000000,  0.000000,  0.216446,  0.000000,  -0.043082
0.000094  ,  0.000066,  0.000066,  0.785398,  1.000000,  -0.999981,  1.570796,  1.000000,  0.000000,  0.000000,  0.216446,  0.000000,  -0.043082
0.000094  ,  0.000067,  0.000067,  0.785398,  1.000000,  -0.999981,  1.570796,  1.000000,  0.000000,  0.000000,  0.216447,  0.000000,  -0.043083
0.000094  ,  0.000067,  0.000067,  0.785398,  1.000000,  -0.999981,  1.570796,  1.000000,  0.000000,  0.000000,  0.216448,  0.000001,  -0.043084
0.000097  ,  0.000068,  0.000068,  0.785398,  1.000000,  -0.999981,  1.570796,  1.000000,  0.000000,  0.000000,  0.216451,  0.000004,  -0.043089
0.000107  ,  0.000075,  0.000075,  0.785398,  1.000000,  -0.999978,  1.570796,  1.000000,  0.000000,  0.000000,  0.216467,  0.000018,  -0.043114
0.000158  ,  0.000112,  0.000112,  0.785398,  1.000000,  -0.999967,  1.570794,  1.000000,  0.000000,  0.000000,  0.216548,  0.000088,  -0.043238
0.000414  ,  0.000293,  0.000293,  0.785398,  1.000000,  -0.999912,  1.570782,  1.000000,  0.000000,  0.000000,  0.216952,  0.000429,  -0.043856
0.001503  ,  0.001063,  0.001063,  0.785398,  0.999999,  -0.999675,  1.570733,  1.000000,  0.000000,  0.000000,  0.218666,  0.001748,  -0.046384
0.004377  ,  0.003095,  0.003095,  0.785398,  0.999990,  -0.999040,  1.570591,  1.000000,  0.000000,  0.000000,  0.223196,  0.004425,  -0.052490
0.008731  ,  0.006174,  0.006174,  0.785398,  0.999964,  -0.998052,  1.570344,  1.000000,  0.000000,  0.000000,  0.230096,  0.007116,  -0.060781
0.014078  ,  0.009955,  0.009955,  0.785398,  0.999921,  -0.996798,  1.569994,  1.000000,  0.000000,  0.000000,  0.238684,  0.009341,  -0.070225
0.018917  ,  0.013376,  0.013376,  0.785398,  0.999873,  -0.995623,  1.569634,  1.000000,  0.000000,  0.000000,  0.246567,  0.010922,  -0.078550
0.020545  ,  0.014527,  0.014527,  0.785398,  0.999855,  -0.995220,  1.569504,  1.000000,  0.000000,  0.000000,  0.249296,  0.011409,  -0.081308
0.021060  ,  0.014891,  0.014891,  0.785398,  0.999850,  -0.995091,  1.569461,  1.000000,  0.000000,  0.000000,  0.250326,  0.011560,  -0.082186
0.021222  ,  0.015006,  0.015006,  0.785398,  0.999848,  -0.995050,  1.569448,  1.000000,  0.000000,  0.000000,  0.250769,  0.011608,  -0.082463
0.021334  ,  0.015086,  0.015086,  0.785398,  0.999846,  -0.995022,  1.569439,  1.000000,  0.000000,  0.000000,  0.251250,  0.011641,  -0.083670
0.021422  ,  0.015148,  0.015148,  0.785398,  0.999845,  -0.995000,  1.569431,  1.000000,  0.000000,  0.000000,  0.251632,  0.011669,  -0.084372
0.021509  ,  0.015210,  0.015210,  0.785398,  0.999844,  -0.994978,  1.569424,  1.000000,  0.000000,  0.000000,  0.251990,  0.011698,  -0.084959
0.021591  ,  0.015267,  0.015267,  0.785398,  0.999844,  -0.994957,  1.569417,  1.000000,  0.000000,  0.000000,  0.252265,  0.011726,  -0.085101
0.021764  ,  0.015389,  0.015389,  0.785398,  0.999842,  -0.994914,  1.569402,  1.000000,  0.000000,  0.000000,  0.252771,  0.011786,  -0.086213
0.021911  ,  0.015493,  0.015493,  0.785398,  0.999840,  -0.994877,  1.569390,  1.000000,  0.000000,  0.000000,  0.253069,  0.011839,  -0.086468
0.022269  ,  0.015747,  0.015747,  0.785398,  0.999836,  -0.994786,  1.569359,  1.000000,  0.000000,  0.000000,  0.253792,  0.011967,  -0.087500
0.022619  ,  0.015994,  0.015994,  0.785398,  0.999832,  -0.994697,  1.569328,  1.000000,  0.000000,  0.000000,  0.254390,  0.012094,  -0.088112
0.023524  ,  0.016634,  0.016634,  0.785398,  0.999821,  -0.994466,  1.569247,  1.000000,  0.000000,  0.000000,  0.255952,  0.012417,  -0.090617
0.024303  ,  0.017184,  0.017184,  0.785398,  0.999811,  -0.994266,  1.569176,  1.000000,  0.000000,  0.000000,  0.257218,  0.012702,  -0.092281
0.025172  ,  0.017799,  0.017799,  0.785398,  0.999801,  -0.994042,  1.569096,  1.000000,  0.000000,  0.000000,  0.258679,  0.013003,  -0.092424
0.026216  ,  0.018538,  0.018538,  0.785398,  0.999787,  -0.993770,  1.569000,  1.000000,  0.000000,  0.000000,  0.260441,  0.013299,  -0.091661
0.027403  ,  0.019377,  0.019377,  0.785398,  0.999772,  -0.993460,  1.568892,  1.000000,  0.000000,  0.000000,  0.262436,  0.013549,  -0.090601
0.028767  ,  0.020341,  0.020341,  0.785398,  0.999754,  -0.993100,  1.568769,  1.000000,  0.000000,  0.000000,  0.264730,  0.013740,  -0.089191
0.030308  ,  0.021431,  0.021431,  0.785398,  0.999734,  -0.992690,  1.568633,  1.000000,  0.000000,  0.000000,  0.267322,  0.013851,  -0.087447
0.032023  ,  0.022644,  0.022644,  0.785398,  0.999711,  -0.992229,  1.568486,  1.000000,  0.000000,  0.000000,  0.270210,  0.013870,  -0.085365
0.033898  ,  0.023970,  0.023970,  0.785398,  0.999686,  -0.991719,  1.568329,  1.000000,  0.000000,  0.000000,  0.273369,  0.013792,  -0.082960
0.035909  ,  0.025391,  0.025391,  0.785398,  0.999660,  -0.991166,  1.568165,  1.000000,  0.000000,  0.000000,  0.276761,  0.013618,  -0.080252
0.038026  ,  0.026888,  0.026888,  0.785398,  0.999633,  -0.990575,  1.567999,  1.000000,  0.000000,  0.000000,  0.280341,  0.013359,  -0.077278
0.040220  ,  0.028440,  0.028440,  0.785398,  0.999606,  -0.989956,  1.567834,  1.000000,  0.000000,  0.000000,  0.284059,  0.013027,  -0.074078
0.042462  ,  0.030025,  0.030025,  0.785398,  0.999579,  -0.989314,  1.567673,  1.000000,  0.000000,  0.000000,  0.287868,  0.012634,  -0.070696
0.044728  ,  0.031628,  0.031628,  0.785398,  0.999553,  -0.988657,  1.567518,  1.000000,  0.000000,  0.000000,  0.291727,  0.012196,  -0.067176
0.047000  ,  0.033234,  0.033234,  0.785398,  0.999528,  -0.987989,  1.567371,  1.000000,  0.000000,  0.000000,  0.295604,  0.011722,  -0.063558
0.049263  ,  0.034834,  0.034834,  0.785398,  0.999505,  -0.987315,  1.567232,  1.000000,  0.000000,  0.000000,  0.299473,  0.011223,  -0.059877
0.051509  ,  0.036423,  0.036423,  0.785398,  0.999482,  -0.986638,  1.567103,  1.000000,  0.000000,  0.000000,  0.303318,  0.010706,  -0.056162
0.053734  ,  0.037996,  0.037996,  0.785398,  0.999462,  -0.985958,  1.566983,  1.000000,  0.000000,  0.000000,  0.307131,  0.010176,  -0.052435
0.055937  ,  0.039554,  0.039554,  0.785398,  0.999443,  -0.985277,  1.566873,  1.000000,  0.000000,  0.000000,  0.310906,  0.009637,  -0.048713
0.058120  ,  0.041097,  0.041097,  0.785398,  0.999425,  -0.984594,  1.566772,  1.000000,  0.000000,  0.000000,  0.314645,  0.009092,  -0.045008
0.060284  ,  0.042627,  0.042627,  0.785398,  0.999409,  -0.983908,  1.566680,  1.000000,  0.000000,  0.000000,  0.318351,  0.008543,  -0.041327
0.062435  ,  0.044148,  0.044148,  0.785398,  0.999394,  -0.983219,  1.566596,  1.000000,  0.000000,  0.000000,  0.322031,  0.007992,  -0.037672
0.064578  ,  0.045663,  0.045663,  0.785398,  0.999380,  -0.982525,  1.566521,  1.000000,  0.000000,  0.000000,  0.325689,  0.007438,  -0.034046
0.066716  ,  0.047175,  0.047175,  0.785398,  0.999368,  -0.981824,  1.566453,  1.000000,  0.000000,  0.000000,  0.329336,  0.006884,  -0.030447
0.068856  ,  0.048689,  0.048689,  0.785398,  0.999357,  -0.981115,  1.566393,  1.000000,  0.000000,  0.000000,  0.332976,  0.006328,  -0.026872
0.071001  ,  0.050205,  0.050205,  0.785398,  0.999347,  -0.980396,  1.566340,  1.000000,  0.000000,  0.000000,  0.336619,  0.005770,  -0.023318
0.073156  ,  0.051729,  0.051729,  0.785398,  0.999338,  -0.979666,  1.566295,  1.000000,  0.000000,  0.000000,  0.340269,  0.005212,  -0.019781
0.075324  ,  0.053262,  0.053262,  0.785398,  0.999331,  -0.978924,  1.566257,  1.000000,  0.000000,  0.000000,  0.343934,  0.004653,  -0.016258
0.077507  ,  0.054806,  0.054806,  0.785398,  0.999325,  -0.978169,  1.566226,  1.000000,  0.000000,  0.000000,  0.347616,  0.004092,  -0.012745
0.079708  ,  0.056362,  0.056362,  0.785398,  0.999320,  -0.977399,  1.566203,  1.000000,  0.000000,  0.000000,  0.351321,  0.003530,  -0.009238
0.081929  ,  0.057933,  0.057933,  0.785398,  0.999317,  -0.976614,  1.566188,  1.000000,  0.000000,  0.000000,  0.355051,  0.002967,  -0.005737
0.084171  ,  0.059518,  0.059518,  0.785398,  0.999314,  -0.975814,  1.566180,  1.000000,  0.000000,  0.000000,  0.358807,  0.002403,  -0.002237
0.086433  ,  0.061117,  0.061117,  0.785398,  0.999313,  -0.974997,  1.566180,  1.000000,  0.000000,  0.000000,  0.362591,  0.001838,  0.001260
0.088717  ,  0.062733,  0.062733,  0.785398,  0.999314,  -0.974164,  1.566188,  1.000000,  0.000000,  0.000000,  0.366404,  0.001273,  0.004756
0.091023  ,  0.064363,  0.064363,  0.785398,  0.999315,  -0.973314,  1.566204,  1.000000,  0.000000,  0.000000,  0.370245,  0.000707,  0.008252
0.093350  ,  0.066008,  0.066008,  0.785398,  0.999318,  -0.972448,  1.566228,  1.000000,  0.000000,  0.000000,  0.374115,  0.000140,  0.011747
0.095697  ,  0.067668,  0.067668,  0.785398,  0.999323,  -0.971565,  1.566261,  1.000000,  0.000000,  0.000000,  0.378011,  -0.000427,  0.015239
0.098065  ,  0.069343,  0.069343,  0.785398,  0.999328,  -0.970664,  1.566303,  1.000000,  0.000000,  0.000000,  0.381935,  -0.000995,  0.018729
0.100453  ,  0.071031,  0.071031,  0.785398,  0.999336,  -0.969747,  1.566353,  1.000000,  0.000000,  0.000000,  0.385884,  -0.001562,  0.022215
0.102860  ,  0.072733,  0.072733,  0.785398,  0.999344,  -0.968813,  1.566412,  1.000000,  0.000000,  0.000000,  0.389858,  -0.002129,  0.025696
0.105287  ,  0.074449,  0.074449,  0.785398,  0.999354,  -0.967862,  1.566480,  1.000000,  0.000000,  0.000000,  0.393856,  -0.002696,  0.029170
0.107732  ,  0.076178,  0.076178,  0.785398,  0.999366,  -0.966893,  1.566556,  1.000000,  0.000000,  0.000000,  0.397878,  -0.003262,  0.032636
0.110196  ,  0.077920,  0.077920,  0.785398,  0.999378,  -0.965907,  1.566642,  1.000000,  0.000000,  0.000000,  0.401923,  -0.003828,  0.036092
0.112679  ,  0.079676,  0.079676,  0.785398,  0.999393,  -0.964904,  1.566737,  1.000000,  0.000000,  0.000000,  0.405992,  -0.004393,  0.039538
0.115180  ,  0.081445,  0.081445,  0.785398,  0.999409,  -0.963883,  1.566842,  1.000000,  0.000000,  0.000000,  0.410083,  -0.004957,  0.042972
0.117700  ,  0.083227,  0.083227,  0.785398,  0.999426,  -0.962844,  1.566956,  1.000000,  0.000000,  0.000000,  0.414197,  -0.005520,  0.046393
0.120240  ,  0.085022,  0.085022,  0.785398,  0.999445,  -0.961786,  1.567079,  1.000000,  0.000000,  0.000000,  0.418335,  -0.006082,  0.049800
0.122798  ,  0.086832,  0.086832,  0.785398,  0.999465,  -0.960710,  1.567212,  1.000000,  0.000000,  0.000000,  0.422496,  -0.006643,  0.053192
0.125377  ,  0.088655,  0.088655,  0.785398,  0.999486,  -0.959615,  1.567355,  1.000000,  0.000000,  0.000000,  0.426680,  -0.007202,  0.056568
0.127976  ,  0.090492,  0.090492,  0.785398,  0.999510,  -0.958500,  1.567508,  1.000000,  0.000000,  0.000000,  0.430889,  -0.007760,  0.059927
0.130595  ,  0.092344,  0.092344,  0.785398,  0.999534,  -0.957366,  1.567670,  1.000000,  0.000000,  0.000000,  0.435122,  -0.008317,  0.063268
0.133235  ,  0.094211,  0.094211,  0.785398,  0.999561,  -0.956211,  1.567843,  1.000000,  0.000000,  0.000000,  0.439381,  -0.008872,  0.066590
0.135897  ,  0.096094,  0.096094,  0.785398,  0.999588,  -0.955035,  1.568026,  1.000000,  0.000000,  0.000000,  0.443666,  -0.009425,  0.069892
0.138581  ,  0.097992,  0.097992,  0.785398,  0.999618,  -0.953838,  1.568219,  1.000000,  0.000000,  0.000000,  0.447977,  -0.009976,  0.073174
0.141287  ,  0.099905,  0.099905,  0.785398,  0.999648,  -0.952619,  1.568423,  1.000000,  0.000000,  0.000000,  0.452315,  -0.010525,  0.076435
0.144017  ,  0.101835,  0.101835,  0.785398,  0.999681,  -0.951378,  1.568638,  1.000000,  0.000000,  0.000000,  0.456680,  -0.011073,  0.079673
0.146770  ,  0.103782,  0.103782,  0.785398,  0.999714,  -0.950114,  1.568863,  1.000000,  0.000000,  0.000000,  0.461073,  -0.011617,  0.082889
0.149547  ,  0.105746,  0.105746,  0.785398,  0.999750,  -0.948827,  1.569099,  1.000000,  0.000000,  0.000000,  0.465495,  -0.012160,  0.086080
0.152348  ,  0.107727,  0.107727,  0.785398,  0.999787,  -0.947516,  1.569346,  1.000000,  0.000000,  0.000000,  0.469946,  -0.012700,  0.089245
0.155175  ,  0.109725,  0.109725,  0.785398,  0.999825,  -0.946181,  1.569604,  1.000000,  0.000000,  0.000000,  0.474427,  -0.013237,  0.092385
0.158026  ,  0.111742,  0.111742,  0.785398,  0.999865,  -0.944821,  1.569873,  1.000000,  0.000000,  0.000000,  0.478938,  -0.013771,  0.095497
0.160923  ,  0.113790,  0.113790,  0.785398,  0.999907,  -0.943427,  1.570155,  1.000000,  0.000000,  0.000000,  0.483509,  -0.014306,  0.098601
0.163880  ,  0.115880,  0.115880,  0.785398,  0.999951,  -0.941989,  1.570453,  1.000000,  0.000000,  0.000000,  0.488161,  -0.014843,  0.101698
0.166914  ,  0.118026,  0.118026,  0.785398,  0.999997,  -0.940500,  1.570768,  1.000000,  0.000000,  0.000000,  0.492920,  -0.015385,  0.104795
0.170042  ,  0.120238,  0.120238,  0.785398,  1.000046,  -0.938950,  1.571102,  1.000000,  0.000000,  0.000000,  0.497808,  -0.015933,  0.107899
0.173278  ,  0.122526,  0.122526,  0.785398,  1.000097,  -0.937330,  1.571458,  1.000000,  0.000000,  0.000000,  0.502848,  -0.016488,  0.111015
0.176637  ,  0.124901,  0.124901,  0.785398,  1.000152,  -0.935632,  1.571838,  1.000000,  0.000000,  0.000000,  0.508058,  -0.017051,  0.114148
0.180131  ,  0.127372,  0.127372,  0.785398,  1.000211,  -0.933846,  1.572244,  1.000000,  0.000000,  0.000000,  0.513458,  -0.017621,  0.117302
0.183771  ,  0.129945,  0.129945,  0.785398,  1.000273,  -0.931966,  1.572678,  1.000000,  0.000000,  0.000000,  0.519063,  -0.018199,  0.120479
0.187565  ,  0.132629,  0.132629,  0.785398,  1.000339,  -0.929984,  1.573143,  1.000000,  0.000000,  0.000000,  0.524885,  -0.018785,  0.123677
0.191523  ,  0.135427,  0.135427,  0.785398,  1.000409,  -0.927894,  1.573641,  1.000000,  0.000000,  0.000000,  0.530936,  -0.019377,  0.126896
0.195650  ,  0.138345,  0.138345,  0.785398,  1.000483,  -0.925688,  1.574174,  1.000000,  0.000000,  0.000000,  0.537222,  -0.019975,  0.130130
0.199952  ,  0.141387,  0.141387,  0.785398,  1.000562,  -0.923362,  1.574743,  1.000000,  0.000000,  0.000000,  0.543752,  -0.020577,  0.133373
0.204432  ,  0.144556,  0.144556,  0.785398,  1.000645,  -0.920908,  1.575350,  1.000000,  0.000000,  0.000000,  0.550529,  -0.021184,  0.136618
0.209096  ,  0.147853,  0.147853,  0.785398,  1.000733,  -0.918323,  1.575998,  1.000000,  0.000000,  0.000000,  0.557556,  -0.021792,  0.139854
0.213945  ,  0.151282,  0.151282,  0.785398,  1.000825,  -0.915599,  1.576687,  1.000000,  0.000000,  0.000000,  0.564838,  -0.022401,  0.143068
0.218984  ,  0.154845,  0.154845,  0.785398,  1.000921,  -0.912732,  1.577418,  1.000000,  0.000000,  0.000000,  0.572375,  -0.023008,  0.146249
0.224214  ,  0.158543,  0.158543,  0.785398,  1.001022,  -0.909715,  1.578195,  1.000000,  0.000000,  0.000000,  0.580169,  -0.023612,  0.149380
0.229640  ,  0.162380,  0.162380,  0.785398,  1.001127,  -0.906543,  1.579017,  1.000000,  0.000000,  0.000000,  0.588222,  -0.024211,  0.152445
0.235265  ,  0.166358,  0.166358,  0.785398,  1.001236,  -0.903208,  1.579886,  1.000000,  0.000000,  0.000000,  0.596536,  -0.024802,  0.155427
0.241092  ,  0.170478,  0.170478,  0.785398,  1.001349,  -0.899703,  1.580804,  1.000000,  0.000000,  0.000000,  0.605113,  -0.025382,  0.158307
0.247126  ,  0.174744,  0.174744,  0.785398,  1.001465,  -0.896022,  1.581771,  1.000000,  0.000000,  0.000000,  0.613954,  -0.025949,  0.161064
0.253370  ,  0.179159,  0.179159,  0.785398,  1.001585,  -0.892156,  1.582789,  1.000000,  0.000000,  0.000000,  0.623062,  -0.026499,  0.163678
0.259828  ,  0.183726,  0.183726,  0.785398,  1.001707,  -0.888097,  1.583858,  1.000000,  0.000000,  0.000000,  0.632438,  -0.027030,  0.166125
0.266504  ,  0.188447,  0.188447,  0.785398,  1.001831,  -0.883838,  1.584979,  1.000000,  0.000000,  0.000000,  0.642084,  -0.027536,  0.168381
0.273403  ,  0.193325,  0.193325,  0.785398,  1.001957,  -0.879369,  1.586152,  1.000000,  0.000000,  0.000000,  0.652000,  -0.028015,  0.170421
0.280526  ,  0.198362,  0.198362,  0.785398,  1.002083,  -0.874683,  1.587377,  1.000000,  0.000000,  0.000000,  0.662188,  -0.028462,  0.172220
0.287877  ,  0.203560,  0.203560,  0.785398,  1.002210,  -0.869771,  1.588653,  1.000000,  0.000000,  0.000000,  0.672645,  -0.028873,  0.173750
0.295458  ,  0.208920,  0.208920,  0.785398,  1.002335,  -0.864624,  1.589980,  1.000000,  0.000000,  0.000000,  0.683370,  -0.029243,  0.174983
0.303236  ,  0.214420,  0.214420,  0.785398,  1.002457,  -0.859260,  1.591349,  1.000000,  0.000000,  0.000000,  0.694312,  -0.029565,  0.175888
0.311186  ,  0.220042,  0.220042,  0.785398,  1.002575,  -0.853688,  1.592754,  1.000000,  0.000000,  0.000000,  0.705437,  -0.029836,  0.176450
0.319286  ,  0.225769,  0.225769,  0.785398,  1.002687,  -0.847921,  1.594189,  1.000000,  0.000000,  0.000000,  0.716712,  -0.030051,  0.176653
0.327520  ,  0.231592,  0.231592,  0.785398,  1.002792,  -0.841964,  1.595648,  1.000000,  0.000000,  0.000000,  0.728112,  -0.030209,  0.176482
0.335875  ,  0.237500,  0.237500,  0.785398,  1.002887,  -0.835824,  1.597124,  1.000000,  0.000000,  0.000000,  0.739618,  -0.030305,  0.175921
0.344343  ,  0.243487,  0.243487,  0.785398,  1.002973,  -0.829503,  1.598615,  1.000000,  0.000000,  0.000000,  0.751215,  -0.030339,  0.174957
0.352918  ,  0.249551,  0.249551,  0.785398,  1.003048,  -0.823003,  1.600113,  1.000000,  0.000000,  0.000000,  0.762892,  -0.030306,  0.173575
0.361597  ,  0.255687,  0.255687,  0.785398,  1.003110,  -0.816322,  1.601616,  1.000000,  0.000000,  0.000000,  0.774641,  -0.030205,  0.171764
0.370378  ,  0.261897,  0.261897,  0.785398,  1.003158,  -0.809459,  1.603118,  1.000000,  0.000000,  0.000000,  0.786459,  -0.030034,  0.169512
0.379264  ,  0.268180,  0.268180,  0.785398,  1.003190,  -0.802408,  1.604616,  1.000000,  0.000000,  0.000000,  0.798345,  -0.029789,  0.166808
0.388257  ,  0.274539,  0.274539,  0.785398,  1.003207,  -0.795166,  1.606106,  1.000000,  0.000000,  0.000000,  0.810299,  -0.029468,  0.163642
0.397359  ,  0.280975,  0.280975,  0.785398,  1.003205,  -0.787727,  1.607582,  1.000000,  0.000000,  0.000000,  0.822321,  -0.029068,  0.160004
0.406571  ,  0.287489,  0.287489,  0.785398,  1.003184,  -0.780087,  1.609040,  1.000000,  0.000000,  0.000000,  0.834411,  -0.028588,  0.155887
0.415896  ,  0.294083,  0.294083,  0.785398,  1.003143,  -0.772241,  1.610475,  1.000000,  0.000000,  0.000000,  0.846569,  -0.028025,  0.151283
0.425334  ,  0.300756,  0.300756,  0.785398,  1.003079,  -0.764185,  1.611882,  1.000000,  0.000000,  0.000000,  0.858792,  -0.027376,  0.146186
0.434885  ,  0.307510,  0.307510,  0.785398,  1.002992,  -0.755916,  1.613254,  1.000000,  0.000000,  0.000000,  0.871081,  -0.026640,  0.140593
0.444550  ,  0.314344,  0.314344,  0.785398,  1.002879,  -0.747430,  1.614585,  1.000000,  0.000000,  0.000000,  0.883431,  -0.025816,  0.134501
0.454328  ,  0.321258,  0.321258,  0.785398,  1.002741,  -0.738724,  1.615870,  1.000000,  0.000000,  0.000000,  0.895841,  -0.024901,  0.127906
0.464219  ,  0.328252,  0.328252,  0.785398,  1.002574,  -0.729795,  1.617101,  1.000000,  0.000000,  0.000000,  0.908308,  -0.023894,  0.120809
0.474222  ,  0.335326,  0.335326,  0.785398,  1.002378,  -0.720641,  1.618273,  1.000000,  0.000000,  0.000000,  0.920828,  -0.022793,  0.113210
0.484338  ,  0.342478,  0.342478,  0.785398,  1.002152,  -0.711258,  1.619379,  1.000000,  0.000000,  0.000000,  0.933400,  -0.021599,  0.105110
0.494565  ,  0.349710,  0.349710,  0.785398,  1.001894,  -0.701643,  1.620410,  1.000000,  0.000000,  0.000000,  0.946019,  -0.020309,  0.096512
0.504905  ,  0.357022,  0.357022,  0.785398,  1.001604,  -0.691794,  1.621362,  1.000000,  0.000000,  0.000000,  0.958684,  -0.018924,  0.087417
0.515358  ,  0.364413,  0.364413,  0.785398,  1.001279,  -0.681706,  1.622225,  1.000000,  0.000000,  0.000000,  0.971392,  -0.017441,  0.077830
0.525923  ,  0.371884,  0.371884,  0.785398,  1.000920,  -0.671375,  1.622994,  1.000000,  0.000000,  0.000000,  0.984141,  -0.015862,  0.067757
0.536601  ,  0.379435,  0.379435,  0.785398,  1.000524,  -0.660799,  1.623661,  1.000000,  0.000000,  0.000000,  0.996927,  -0.014184,  0.057201
0.547394  ,  0.387066,  0.387066,  0.785398,  1.000092,  -0.649973,  1.624218,  1.000000,  0.000000,  0.000000,  1.009750,  -0.012408,  0.046171
0.558303  ,  0.394780,  0.394780,  0.785398,  0.999622,  -0.638893,  1.624658,  1.000000,  0.000000,  0.000000,  1.022606,  -0.010534,  0.034672
0.569328  ,  0.402576,  0.402576,  0.785398,  0.999115,  -0.627554,  1.624973,  1.000000,  0.000000,  0.000000,  1.035494,  -0.008562,  0.022714
0.580471  ,  0.410455,  0.410455,  0.785398,  0.998568,  -0.615951,  1.625155,  1.000000,  0.000000,  0.000000,  1.048411,  -0.006491,  0.010305
0.591733  ,  0.418419,  0.418419,  0.785398,  0.997983,  -0.604080,  1.625197,  1.000000,  0.000000,  0.000000,  1.061355,  -0.004322,  -0.002545
0.603117  ,  0.426468,  0.426468,  0.785398,  0.997359,  -0.591935,  1.625090,  1.000000,  0.000000,  0.000000,  1.074324,  -0.002055,  -0.015825
0.614625  ,  0.434606,  0.434606,  0.785398,  0.996695,  -0.579510,  1.624827,  1.000000,  0.000000,  0.000000,  1.087316,  0.000310,  -0.029525
0.626258  ,  0.442832,  0.442832,  0.785398,  0.995992,  -0.566800,  1.624399,  1.000000,  0.000000,  0.000000,  1.100327,  0.002772,  -0.043631
0.638020  ,  0.451149,  0.451149,  0.785398,  0.995251,  -0.553798,  1.623797,  1.000000,  0.000000,  0.000000,  1.113357,  0.005330,  -0.058131
0.649914  ,  0.459558,  0.459558,  0.785398,  0.994471,  -0.540496,  1.623014,  1.000000,  0.000000,  0.000000,  1.126402,  0.007983,  -0.073012
0.661941  ,  0.468063,  0.468063,  0.785398,  0.993654,  -0.526889,  1.622040,  1.000000,  0.000000,  0.000000,  1.139459,  0.010731,  -0.088258
0.674107  ,  0.476666,  0.476666,  0.785398,  0.992800,  -0.512968,  1.620868,  1.000000,  0.000000,  0.000000,  1.152527,  0.013571,  -0.103854
0.686414  ,  0.485368,  0.485368,  0.785398,  0.991911,  -0.498725,  1.619487,  1.000000,  0.000000,  0.000000,  1.165602,  0.016504,  -0.119785
0.698868  ,  0.494174,  0.494174,  0.785398,  0.990987,  -0.484151,  1.617890,  1.000000,  0.000000,  0.000000,  1.178681,  0.019527,  -0.136033
0.711472  ,  0.503086,  0.503086,  0.785398,  0.990032,  -0.469236,  1.616066,  1.000000,  0.000000,  0.000000,  1.191761,  0.022639,  -0.152582
0.724231  ,  0.512109,  0.512109,  0.785398,  0.989046,  -0.453970,  1.614007,  1.000000,  0.000000,  0.000000,  1.204838,  0.025838,  -0.169412
0.737151  ,  0.521245,  0.521245,  0.785398,  0.988033,  -0.438343,  1.611702,  1.000000,  0.000000,  0.000000,  1.217910,  0.029122,  -0.186506
0.750239  ,  0.530499,  0.530499,  0.785398,  0.986995,  -0.422343,  1.609143,  1.000000,  0.000000,  0.000000,  1.230971,  0.032489,  -0.203844
0.763682  ,  0.540005,  0.540005,  0.785398,  0.985921,  -0.405729,  1.606277,  1.000000,  0.000000,  0.000000,  1.244198,  0.035986,  -0.221646
0.777675  ,  0.549899,  0.549899,  0.785398,  0.984799,  -0.388247,  1.603040,  1.000000,  0.000000,  0.000000,  1.257746,  0.039658,  -0.240123
0.792355  ,  0.560279,  0.560279,  0.785398,  0.983623,  -0.369704,  1.599366,  1.000000,  0.000000,  0.000000,  1.271710,  0.043538,  -0.259405
0.807825  ,  0.571218,  0.571218,  0.785398,  0.982394,  -0.349939,  1.595190,  1.000000,  0.000000,  0.000000,  1.286147,  0.047648,  -0.279572
0.824153  ,  0.582764,  0.582764,  0.785398,  0.981115,  -0.328834,  1.590445,  1.000000,  0.000000,  0.000000,  1.301071,  0.052000,  -0.300644
0.841382  ,  0.594947,  0.594947,  0.785398,  0.979796,  -0.306299,  1.585067,  1.000000,  0.000000,  0.000000,  1.316467,  0.056595,  -0.322596
0.859537  ,  0.607784,  0.607784,  0.785398,  0.978454,  -0.282263,  1.578993,  1.000000,  0.000000,  0.000000,  1.332295,  0.061429,  -0.345361
0.878633  ,  0.621288,  0.621288,  0.785398,  0.977110,  -0.256666,  1.572163,  1.000000,  0.000000,  0.000000,  1.348501,  0.066490,  -0.368850
0.898689  ,  0.635469,  0.635469,  0.785398,  0.975789,  -0.229445,  1.564512,  1.000000,  0.000000,  0.000000,  1.365020,  0.071763,  -0.392951
0.919727  ,  0.650346,  0.650346,  0.785398,  0.974526,  -0.200529,  1.555973,  1.000000,  0.000000,  0.000000,  1.381784,  0.077231,  -0.417541
0.941786  ,  0.665943,  0.665943,  0.785398,  0.973359,  -0.169828,  1.546474,  1.000000,  0.000000,  0.000000,  1.398725,  0.082873,  -0.442489
0.964916  ,  0.682298,  0.682298,  0.785398,  0.972338,  -0.137227,  1.535933,  1.000000,  0.000000,  0.000000,  1.415770,  0.088668,  -0.467657
0.989189  ,  0.699463,  0.699463,  0.785398,  0.971521,  -0.102586,  1.524259,  1.000000,  0.000000,  0.000000,  1.432846,  0.094589,  -0.492896
1.014701  ,  0.717502,  0.717502,  0.785398,  0.970981,  -0.065728,  1.511347,  1.000000,  0.000000,  0.000000,  1.449872,  0.100608,  -0.518046
1.041577  ,  0.736506,  0.736506,  0.785398,  0.970807,  -0.026432,  1.497073,  1.000000,  0.000000,  0.000000,  1.466764,  0.106692,  -0.542934
1.069979  ,  0.756590,  0.756590,  0.785398,  0.971114,  0.015584,  1.481287,  1.000000,  0.000000,  0.000000,  1.483425,  0.112804,  -0.567369
1.100133  ,  0.777912,  0.777912,  0.785398,  0.972047,  0.060690,  1.463802,  1.000000,  0.000000,  0.000000,  1.499751,  0.118899,  -0.591143
1.132356  ,  0.800696,  0.800696,  0.785398,  0.973799,  0.109400,  1.444366,  1.000000,  0.000000,  0.000000,  1.515622,  0.124929,  -0.614025
1.167127  ,  0.825284,  0.825284,  0.785398,  0.976640,  0.162476,  1.422619,  1.000000,  0.000000,  0.000000,  1.530909,  0.130836,  -0.635762
1.205255  ,  0.852244,  0.852244,  0.785398,  0.980975,  0.221180,  1.397972,  1.000000,  0.000000,  0.000000,  1.545478,  0.136563,  -0.656079
1.248338  ,  0.882708,  0.882708,  0.785398,  0.987515,  0.288000,  1.369285,  1.000000,  0.000000,  0.000000,  1.559215,  0.142059,  -0.674695
1.298338  ,  0.918064,  0.918064,  0.785398,  0.997418,  0.365960,  1.335128,  1.000000,  0.000000,  0.000000,  1.571640,  0.147124,  -0.690751
1.348338  ,  0.953419,  0.953419,  0.785398,  1.009923,  0.444090,  1.300322,  1.000000,  0.000000,  0.000000,  1.580267,  0.150789,  -0.701016
1.398338  ,  0.988774,  0.988774,  0.785398,  1.025103,  0.522081,  1.265156,  1.000000,  0.000000,  0.000000,  1.584865,  0.153040,  -0.705625
1.443037  ,  1.020381,  1.020381,  0.785398,  1.040961,  0.591439,  1.233639,  1.000000,  0.000000,  0.000000,  1.585543,  0.153879,  -0.705118
1.482588  ,  1.048348,  1.048348,  0.785398,  1.056782,  0.652329,  1.205855,  1.000000,  0.000000,  0.000000,  1.583167,  0.153682,  -0.700960
1.517491  ,  1.073028,  1.073028,  0.785398,  1.072112,  0.705559,  1.181530,  1.000000,  0.000000,  0.000000,  1.578714,  0.152767,  -0.694469
1.549050  ,  1.095344,  1.095344,  0.785398,  1.087048,  0.753188,  1.159770,  1.000000,  0.000000,  0.000000,  1.572802,  0.151350,  -0.686422
1.578240  ,  1.115984,  1.115984,  0.785398,  1.101743,  0.796752,  1.139897,  1.000000,  0.000000,  0.000000,  1.565866,  0.149563,  -0.677324
1.605859  ,  1.135514,  1.135514,  0.785398,  1.116398,  0.837491,  1.121357,  1.000000,  0.000000,  0.000000,  1.558139,  0.147489,  -0.667433
1.632455  ,  1.154320,  1.154320,  0.785398,  1.131174,  0.876243,  1.103776,  1.000000,  0.000000,  0.000000,  1.549760,  0.145178,  -0.656904
1.658405  ,  1.172669,  1.172669,  0.785398,  1.146194,  0.913572,  1.086902,  1.000000,  0.000000,  0.000000,  1.540803,  0.142669,  -0.645821
1.683949  ,  1.190732,  1.190732,  0.785398,  1.161533,  0.949826,  1.070583,  1.000000,  0.000000,  0.000000,  1.531312,  0.139988,  -0.634240
1.709228  ,  1.208607,  1.208607,  0.785398,  1.177230,  0.985209,  1.054731,  1.000000,  0.000000,  0.000000,  1.521320,  0.137159,  -0.622205
1.734318  ,  1.226348,  1.226348,  0.785398,  1.193292,  1.019820,  1.039306,  1.000000,  0.000000,  0.000000,  1.510860,  0.134205,  -0.609760
1.759250  ,  1.243978,  1.243978,  0.785398,  1.209703,  1.053701,  1.024292,  1.000000,  0.000000,  0.000000,  1.499967,  0.131146,  -0.596952
1.784033  ,  1.261502,  1.261502,  0.785398,  1.226433,  1.086859,  1.009689,  1.000000,  0.000000,  0.000000,  1.488678,  0.128000,  -0.583829
1.808663  ,  1.278918,  1.278918,  0.785398,  1.243446,  1.119290,  0.995504,  1.000000,  0.000000,  0.000000,  1.477033,  0.124785,  -0.570438
1.833135  ,  1.296222,  1.296222,  0.785398,  1.260708,  1.150990,  0.981739,  1.000000,  0.000000,  0.000000,  1.465072,  0.121515,  -0.556827
1.857447  ,  1.313414,  1.313414,  0.785398,  1.278182,  1.181958,  0.968399,  1.000000,  0.000000,  0.000000,  1.452834,  0.118205,  -0.543038
1.881600  ,  1.330492,  1.330492,  0.785398,  1.295841,  1.212204,  0.955480,  1.000000,  0.000000,  0.000000,  1.440355,  0.114866,  -0.529109
1.905601  ,  1.347463,  1.347463,  0.785398,  1.313658,  1.241740,  0.942978,  1.000000,  0.000000,  0.000000,  1.427667,  0.111510,  -0.515073
1.929459  ,  1.364333,  1.364333,  0.785398,  1.331613,  1.270589,  0.930887,  1.000000,  0.000000,  0.000000,  1.414799,  0.108144,  -0.500959
1.953185  ,  1.381111,  1.381111,  0.785398,  1.349688,  1.298771,  0.919197,  1.000000,  0.000000,  0.000000,  1.401780,  0.104778,  -0.486793
1.976793  ,  1.397804,  1.397804,  0.785398,  1.367869,  1.326312,  0.907901,  1.000000,  0.000000,  0.000000,  1.388636,  0.101416,  -0.472594
2.000296  ,  1.414423,  1.414423,  0.785398,  1.386143,  1.353235,  0.896988,  1.000000,  0.000000,  0.000000,  1.375408,  0.098067,  -0.458381
2.023707  ,  1.430977,  1.430977,  0.785398,  1.404497,  1.379566,  0.886451,  1.000000,  0.000000,  0.000000,  1.362140,  0.094735,  -0.444171
2.047038  ,  1.447475,  1.447475,  0.785398,  1.422924,  1.405330,  0.876281,  1.000000,  0.000000,  0.000000,  1.348873,  0.091425,  -0.429977
2.070303  ,  1.463925,  1.463925,  0.785398,  1.441414,  1.430550,  0.866469,  1.000000,  0.000000,  0.000000,  1.335635,  0.088141,  -0.415809
2.093512  ,  1.480336,  1.480336,  0.785398,  1.459960,  1.455250,  0.857009,  1.000000,  0.000000,  0.000000,  1.322455,  0.084888,  -0.401677
2.116676  ,  1.496716,  1.496716,  0.785398,  1.478555,  1.479451,  0.847893,  1.000000,  0.000000,  0.000000,  1.309357,  0.081666,  -0.387588
2.139807  ,  1.513072,  1.513072,  0.785398,  1.497194,  1.503176,  0.839116,  1.000000,  0.000000,  0.000000,  1.296361,  0.078480,  -0.373548
2.162914  ,  1.529411,  1.529411,  0.785398,  1.515871,  1.526445,  0.830672,  1.000000,  0.000000,  0.000000,  1.283487,  0.075329,  -0.359561
2.186007  ,  1.545740,  1.545740,  0.785398,  1.534582,  1.549278,  0.822554,  1.000000,  0.000000,  0.000000,  1.270751,  0.072216,  -0.345632
2.209095  ,  1.562066,  1.562066,  0.785398,  1.553323,  1.571696,  0.814758,  1.000000,  0.000000,  0.000000,  1.258168,  0.069140,  -0.331762
2.232188  ,  1.578396,  1.578396,  0.785398,  1.572092,  1.593718,  0.807280,  1.000000,  0.000000,  0.000000,  1.245751,  0.066101,  -0.317954
2.255298  ,  1.594736,  1.594736,  0.785398,  1.590887,  1.615363,  0.800114,  1.000000,  0.000000,  0.000000,  1.233510,  0.063101,  -0.304206
2.278433  ,  1.611095,  1.611095,  0.785398,  1.609709,  1.636652,  0.793258,  1.000000,  0.000000,  0.000000,  1.221457,  0.060138,  -0.290520
2.301604  ,  1.627480,  1.627480,  0.785398,  1.628557,  1.657603,  0.786706,  1.000000,  0.000000,  0.000000,  1.209598,  0.057211,  -0.276894
2.324824  ,  1.643899,  1.643899,  0.785398,  1.647432,  1.678236,  0.780456,  1.000000,  0.000000,  0.000000,  1.197942,  0.054320,  -0.263325
2.348103  ,  1.660359,  1.660359,  0.785398,  1.666337,  1.698570,  0.774505,  1.000000,  0.000000,  0.000000,  1.186494,  0.051463,  -0.249812
2.371453  ,  1.676871,  1.676871,  0.785398,  1.685276,  1.718625,  0.768850,  1.000000,  0.000000,  0.000000,  1.175260,  0.048640,  -0.236353
2.394889  ,  1.693442,  1.693442,  0.785398,  1.704252,  1.738421,  0.763488,  1.000000,  0.000000,  0.000000,  1.164244,  0.045849,  -0.222943
2.418424  ,  1.710084,  1.710084,  0.785398,  1.723271,  1.757976,  0.758418,  1.000000,  0.000000,  0.000000,  1.153449,  0.043088,  -0.209579
2.442072  ,  1.726806,  1.726806,  0.785398,  1.742340,  1.777311,  0.753639,  1.000000,  0.000000,  0.000000,  1.142878,  0.040356,  -0.196258
2.465850  ,  1.743619,  1.743619,  0.785398,  1.761467,  1.796447,  0.749149,  1.000000,  0.000000,  0.000000,  1.132533,  0.037651,  -0.182975
2.489776  ,  1.760537,  1.760537,  0.785398,  1.780660,  1.815405,  0.744948,  1.000000,  0.000000,  0.000000,  1.122415,  0.034973,  -0.169742
2.513869  ,  1.777574,  1.777574,  0.785398,  1.799931,  1.834207,  0.741034,  1.000000,  0.000000,  0.000000,  1.112524,  0.032323,  -0.156585
2.538150  ,  1.794743,  1.794743,  0.785398,  1.819293,  1.852876,  0.737408,  1.000000,  0.000000,  0.000000,  1.102862,  0.029704,  -0.143527
2.562644  ,  1.812063,  1.812063,  0.785398,  1.838759,  1.871437,  0.734068,  1.000000,  0.000000,  0.000000,  1.093427,  0.027119,  -0.130591
2.587377  ,  1.829552,  1.829552,  0.785398,  1.858346,  1.889914,  0.731012,  1.000000,  0.000000,  0.000000,  1.084219,  0.024572,  -0.117794
2.612376  ,  1.847229,  1.847229,  0.785398,  1.878072,  1.908334,  0.728241,  1.000000,  0.000000,  0.000000,  1.075236,  0.022065,  -0.105154
2.637673  ,  1.865117,  1.865117,  0.785398,  1.897956,  1.926726,  0.725754,  1.000000,  0.000000,  0.000000,  1.066478,  0.019601,  -0.092683
2.663303  ,  1.883240,  1.883240,  0.785398,  1.918022,  1.945120,  0.723550,  1.000000,  0.000000,  0.000000,  1.057943,  0.017182,  -0.080393
2.689304  ,  1.901625,  1.901625,  0.785398,  1.938294,  1.963546,  0.721631,  1.000000,  0.000000,  0.000000,  1.049629,  0.014808,  -0.068297
2.715721  ,  1.920305,  1.920305,  0.785398,  1.958802,  1.982041,  0.719997,  1.000000,  0.000000,  0.000000,  1.041536,  0.012482,  -0.056402
2.742603  ,  1.939313,  1.939313,  0.785398,  1.979579,  2.000643,  0.718650,  1.000000,  0.000000,  0.000000,  1.033660,  0.010205,  -0.044716
2.770007  ,  1.958691,  1.958691,  0.785398,  2.000663,  2.019396,  0.717594,  1.000000,  0.000000,  0.000000,  1.026001,  0.007977,  -0.033247
2.798003  ,  1.978487,  1.978487,  0.785398,  2.022102,  2.038349,  0.716832,  1.000000,  0.000000,  0.000000,  1.018555,  0.005798,  -0.022000
2.826673  ,  1.998760,  1.998760,  0.785398,  2.043950,  2.057559,  0.716370,  1.000000,  0.000000,  0.000000,  1.011320,  0.003669,  -0.010980
2.856116  ,  2.019579,  2.019579,  0.785398,  2.066277,  2.077098,  0.716215,  1.000000,  0.000000,  0.000000,  1.004291,  0.001590,  -0.000188
2.886459  ,  2.041035,  2.041035,  0.785398,  2.089170,  2.097048,  0.716379,  1.000000,  0.000000,  0.000000,  0.997464,  -0.000440,  0.010373
2.917864  ,  2.063242,  2.063242,  0.785398,  2.112739,  2.117520,  0.716876,  1.000000,  0.000000,  0.000000,  0.990831,  -0.002422,  0.020707
2.950551  ,  2.086355,  2.086355,  0.785398,  2.137137,  2.138654,  0.717726,  1.000000,  0.000000,  0.000000,  0.984383,  -0.004357,  0.030820
2.984826  ,  2.110591,  2.110591,  0.785398,  2.162578,  2.160650,  0.718959,  1.000000,  0.000000,  0.000000,  0.978104,  -0.006250,  0.040727
3.021155  ,  2.136279,  2.136279,  0.785398,  2.189384,  2.183804,  0.720621,  1.000000,  0.000000,  0.000000,  0.971967,  -0.008107,  0.050459
3.060310  ,  2.163966,  2.163966,  0.785398,  2.218098,  2.208603,  0.722790,  1.000000,  0.000000,  0.000000,  0.965924,  -0.009940,  0.060079
3.103824  ,  2.194735,  2.194735,  0.785398,  2.249797,  2.236008,  0.725619,  1.000000,  0.000000,  0.000000,  0.959866,  -0.011776,  0.069741
3.153824  ,  2.230090,  2.230090,  0.785398,  2.285952,  2.267346,  0.729355,  1.000000,  0.000000,  0.000000,  0.953698,  -0.013628,  0.079556
3.203824  ,  2.265446,  2.265446,  0.785398,  2.321827,  2.298570,  0.733546,  1.000000,  0.000000,  0.000000,  0.948344,  -0.015217,  0.088012
3.253824  ,  2.300801,  2.300801,  0.785398,  2.357434,  2.329732,  0.738123,  1.000000,  0.000000,  0.000000,  0.943816,  -0.016539,  0.095088
3.297128  ,  2.331421,  2.331421,  0.785398,  2.388062,  2.356707,  0.742346,  1.000000,  0.000000,  0.000000,  0.940556,  -0.017533,  0.100123
3.335821  ,  2.358782,  2.358782,  0.785398,  2.415275,  2.380825,  0.746281,  1.000000,  0.000000,  0.000000,  0.938219,  -0.018243,  0.103640
3.370499  ,  2.383303,  2.383303,  0.785398,  2.439546,  2.402471,  0.749908,  1.000000,  0.000000,  0.000000,  0.936567,  -0.018750,  0.106020
3.402627  ,  2.406020,  2.406020,  0.785398,  2.461937,  2.422564,  0.753331,  1.000000,  0.000000,  0.000000,  0.935395,  -0.019101,  0.107576
3.433022  ,  2.427513,  2.427513,  0.785398,  2.483041,  2.441617,  0.756606,  1.000000,  0.000000,  0.000000,  0.934573,  -0.019336,  0.108514
3.462365  ,  2.448262,  2.448262,  0.785398,  2.503344,  2.460059,  0.759788,  1.000000,  0.000000,  0.000000,  0.934018,  -0.019476,  0.108959
3.491077  ,  2.468564,  2.468564,  0.785398,  2.523146,  2.478156,  0.762907,  1.000000,  0.000000,  0.000000,  0.933679,  -0.019538,  0.108990
3.519441  ,  2.488621,  2.488621,  0.785398,  2.542647,  2.496088,  0.765985,  1.000000,  0.000000,  0.000000,  0.933524,  -0.019529,  0.108653
3.547624  ,  2.508549,  2.508549,  0.785398,  2.561968,  2.513964,  0.769028,  1.000000,  0.000000,  0.000000,  0.933535,  -0.019456,  0.107976
3.575720  ,  2.528416,  2.528416,  0.785398,  2.581174,  2.531848,  0.772039,  1.000000,  0.000000,  0.000000,  0.933700,  -0.019323,  0.106979
3.603777  ,  2.548255,  2.548255,  0.785398,  2.600302,  2.549771,  0.775013,  1.000000,  0.000000,  0.000000,  0.934008,  -0.019133,  0.105676
3.631815  ,  2.568081,  2.568081,  0.785398,  2.619366,  2.567751,  0.777944,  1.000000,  0.000000,  0.000000,  0.934453,  -0.018888,  0.104079
3.659842  ,  2.587899,  2.587899,  0.785398,  2.638377,  2.585795,  0.780826,  1.000000,  0.000000,  0.000000,  0.935026,  -0.018592,  0.102201
3.687866  ,  2.607715,  2.607715,  0.785398,  2.657339,  2.603908,  0.783651,  1.000000,  0.000000,  0.000000,  0.935721,  -0.018246,  0.100055
3.715893  ,  2.627533,  2.627533,  0.785398,  2.676260,  2.622100,  0.786412,  1.000000,  0.000000,  0.000000,  0.936531,  -0.017853,  0.097652
3.743935  ,  2.647362,  2.647362,  0.785398,  2.695151,  2.640378,  0.789104,  1.000000,  0.000000,  0.000000,  0.937449,  -0.017414,  0.095007
3.772010  ,  2.667214,  2.667214,  0.785398,  2.714025,  2.658756,  0.791722,  1.000000,  0.000000,  0.000000,  0.938469,  -0.016932,  0.092129
3.800136  ,  2.687102,  2.687102,  0.785398,  2.732897,  2.677248,  0.794260,  1.000000,  0.000000,  0.000000,  0.939584,  -0.016409,  0.089032
3.828337  ,  2.707043,  2.707043,  0.785398,  2.751785,  2.695870,  0.796715,  1.000000,  0.000000,  0.000000,  0.940788,  -0.015847,  0.085727
3.856637  ,  2.727054,  2.727054,  0.785398,  2.770706,  2.714639,  0.799082,  1.000000,  0.000000,  0.000000,  0.942076,  -0.015247,  0.082224
3.885059  ,  2.747152,  2.747152,  0.785398,  2.789679,  2.733574,  0.801358,  1.000000,  0.000000,  0.000000,  0.943443,  -0.014611,  0.078533
3.913631  ,  2.767355,  2.767355,  0.785398,  2.808724,  2.752692,  0.803537,  1.000000,  0.000000,  0.000000,  0.944884,  -0.013941,  0.074667
3.942378  ,  2.787682,  2.787682,  0.785398,  2.827860,  2.772012,  0.805617,  1.000000,  0.000000,  0.000000,  0.946394,  -0.013240,  0.070634
3.971327  ,  2.808152,  2.808152,  0.785398,  2.847106,  2.791553,  0.807592,  1.000000,  0.000000,  0.000000,  0.947970,  -0.012507,  0.066445
4.000504  ,  2.828784,  2.828784,  0.785398,  2.866484,  2.811336,  0.809459,  1.000000,  0.000000,  0.000000,  0.949606,  -0.011746,  0.062110
4.029940  ,  2.849598,  2.849598,  0.785398,  2.886013,  2.831379,  0.811213,  1.000000,  0.000000,  0.000000,  0.951298,  -0.010958,  0.057641
4.059663  ,  2.870616,  2.870616,  0.785398,  2.905718,  2.851705,  0.812849,  1.000000,  0.000000,  0.000000,  0.953044,  -0.010145,  0.053047
4.089707  ,  2.891859,  2.891859,  0.785398,  2.925620,  2.872337,  0.814364,  1.000000,  0.000000,  0.000000,  0.954839,  -0.009309,  0.048342
4.120105  ,  2.913354,  2.913354,  0.785398,  2.945746,  2.893299,  0.815752,  1.000000,  0.000000,  0.000000,  0.956679,  -0.008452,  0.043544
4.150896  ,  2.935126,  2.935126,  0.785398,  2.966123,  2.914620,  0.817009,  1.000000,  0.000000,  0.000000,  0.958561,  -0.007578,  0.038668
4.182122  ,  2.957207,  2.957207,  0.785398,  2.986784,  2.936328,  0.818132,  1.000000,  0.000000,  0.000000,  0.960482,  -0.006689,  0.033733
4.213831  ,  2.979628,  2.979628,  0.785398,  3.007762,  2.958458,  0.819115,  1.000000,  0.000000,  0.000000,  0.962438,  -0.005788,  0.028756
4.246075  ,  3.002428,  3.002428,  0.785398,  3.029095,  2.981048,  0.819954,  1.000000,  0.000000,  0.000000,  0.964425,  -0.004879,  0.023752
4.278913  ,  3.025648,  3.025648,  0.785398,  3.050827,  3.004139,  0.820644,  1.000000,  0.000000,  0.000000,  0.966440,  -0.003965,  0.018740
4.312414  ,  3.049337,  3.049337,  0.785398,  3.073007,  3.027780,  0.821181,  1.000000,  0.000000,  0.000000,  0.968479,  -0.003048,  0.013735
4.346658  ,  3.073551,  3.073551,  0.785398,  3.095691,  3.052028,  0.821560,  1.000000,  0.000000,  0.000000,  0.970540,  -0.002132,  0.008754
4.381737  ,  3.098356,  3.098356,  0.785398,  3.118948,  3.076949,  0.821774,  1.000000,  0.000000,  0.000000,  0.972620,  -0.001219,  0.003814
4.417765  ,  3.123832,  3.123832,  0.785398,  3.142858,  3.102625,  0.821817,  1.000000,  0.000000,  0.000000,  0.974717,  -0.000313,  -0.001069
4.454879  ,  3.150075,  3.150075,  0.785398,  3.167519,  3.129154,  0.821682,  1.000000,  0.000000,  0.000000,  0.976829,  0.000583,  -0.005878
4.493255  ,  3.177211,  3.177211,  0.785398,  3.193054,  3.156661,  0.821361,  1.000000,  0.000000,  0.000000,  0.978956,  0.001467,  -0.010598
4.533121  ,  3.205400,  3.205400,  0.785398,  3.219625,  3.185311,  0.820842,  1.000000,  0.000000,  0.000000,  0.981098,  0.002335,  -0.015210
4.574786  ,  3.234862,  3.234862,  0.785398,  3.247448,  3.215327,  0.820110,  1.000000,  0.000000,  0.000000,  0.983257,  0.003185,  -0.019701
4.618698  ,  3.265913,  3.265913,  0.785398,  3.276837,  3.247031,  0.819145,  1.000000,  0.000000,  0.000000,  0.985438,  0.004013,  -0.024055
4.665552  ,  3.299044,  3.299044,  0.785398,  3.308275,  3.280927,  0.817917,  1.000000,  0.000000,  0.000000,  0.987654,  0.004818,  -0.028262
4.715552  ,  3.334399,  3.334399,  0.785398,  3.341919,  3.317160,  0.816401,  1.000000,  0.000000,  0.000000,  0.989887,  0.005583,  -0.032245
4.765552  ,  3.369754,  3.369754,  0.785398,  3.375670,  3.353442,  0.814701,  1.000000,  0.000000,  0.000000,  0.991982,  0.006245,  -0.035691
4.815552  ,  3.405110,  3.405110,  0.785398,  3.409532,  3.389759,  0.812843,  1.000000,  0.000000,  0.000000,  0.993953,  0.006808,  -0.038600
4.865552  ,  3.440465,  3.440465,  0.785398,  3.443509,  3.426098,  0.810854,  1.000000,  0.000000,  0.000000,  0.995794,  0.007273,  -0.040969
4.915552  ,  3.475820,  3.475820,  0.785398,  3.477607,  3.462446,  0.808761,  1.000000,  0.000000,  0.000000,  0.997502,  0.007641,  -0.042804
4.965552  ,  3.511176,  3.511176,  0.785398,  3.511826,  3.498791,  0.806591,  1.000000,  0.000000,  0.000000,  0.999076,  0.007913,  -0.044115
5.013084  ,  3.544786,  3.544786,  0.785398,  3.544470,  3.533330,  0.804479,  1.000000,  0.000000,  0.000000,  1.000447,  0.008097,  -0.044888
5.058217  ,  3.576700,  3.576700,  0.785398,  3.575570,  3.566107,  0.802450,  1.000000,  0.000000,  0.000000,  1.001639,  0.008192,  -0.045180
5.101096  ,  3.607019,  3.607019,  0.785398,  3.605209,  3.597224,  0.800520,  1.000000,  0.000000,  0.000000,  1.002670,  0.008213,  -0.045069
5.142281  ,  3.636141,  3.636141,  0.785398,  3.633761,  3.627086,  0.798679,  1.000000,  0.000000,  0.000000,  1.003568,  0.008169,  -0.044621
5.182229  ,  3.664389,  3.664389,  0.785398,  3.661534,  3.656023,  0.796917,  1.000000,  0.000000,  0.000000,  1.004352,  0.008070,  -0.043887
5.221352  ,  3.692054,  3.692054,  0.785398,  3.688806,  3.684332,  0.795225,  1.000000,  0.000000,  0.000000,  1.005039,  0.007921,  -0.042907
5.259955  ,  3.719350,  3.719350,  0.785398,  3.715783,  3.712233,  0.793598,  1.000000,  0.000000,  0.000000,  1.005640,  0.007730,  -0.041707
5.298262  ,  3.746437,  3.746437,  0.785398,  3.742619,  3.739886,  0.792033,  1.000000,  0.000000,  0.000000,  1.006164,  0.007499,  -0.040312
5.336430  ,  3.773426,  3.773426,  0.785398,  3.769419,  3.767405,  0.790531,  1.000000,  0.000000,  0.000000,  1.006617,  0.007233,  -0.038738
5.374571  ,  3.800396,  3.800396,  0.785398,  3.796259,  3.794868,  0.789092,  1.000000,  0.000000,  0.000000,  1.007004,  0.006934,  -0.037001
5.412763  ,  3.827402,  3.827402,  0.785398,  3.823193,  3.822332,  0.787721,  1.000000,  0.000000,  0.000000,  1.007329,  0.006606,  -0.035118
5.451068  ,  3.854487,  3.854487,  0.785398,  3.850259,  3.849839,  0.786421,  1.000000,  0.000000,  0.000000,  1.007595,  0.006252,  -0.033102
5.489537  ,  3.881689,  3.881689,  0.785398,  3.877492,  3.877426,  0.785194,  1.000000,  0.000000,  0.000000,  1.007806,  0.005874,  -0.030968
5.528218  ,  3.909040,  3.909040,  0.785398,  3.904925,  3.905127,  0.784046,  1.000000,  0.000000,  0.000000,  1.007965,  0.005474,  -0.028730
5.567161  ,  3.936577,  3.936577,  0.785398,  3.932589,  3.932977,  0.782978,  1.000000,  0.000000,  0.000000,  1.008073,  0.005056,  -0.026401
5.606419  ,  3.964337,  3.964337,  0.785398,  3.960520,  3.961015,  0.781994,  1.000000,  0.000000,  0.000000,  1.008135,  0.004622,  -0.023997
5.646052  ,  3.992362,  3.992362,  0.785398,  3.988757,  3.989282,  0.781098,  1.000000,  0.000000,  0.000000,  1.008151,  0.004174,  -0.021529
5.686123  ,  4.020696,  4.020696,  0.785398,  4.017343,  4.017825,  0.780291,  1.000000,  0.000000,  0.000000,  1.008125,  0.003716,  -0.019013
5.726706  ,  4.049393,  4.049393,  0.785398,  4.046328,  4.046695,  0.779576,  1.000000,  0.000000,  0.000000,  1.008059,  0.003249,  -0.016465
5.767881  ,  4.078508,  4.078508,  0.785398,  4.075768,  4.075950,  0.778956,  1.000000,  0.000000,  0.000000,  1.007954,  0.002777,  -0.013898
5.809742  ,  4.108108,  4.108108,  0.785398,  4.105724,  4.105658,  0.778433,  1.000000,  0.000000,  0.000000,  1.007813,  0.002302,  -0.011329
5.852394  ,  4.138268,  4.138268,  0.785398,  4.136270,  4.135894,  0.778009,  1.000000,  0.000000,  0.000000,  1.007636,  0.001827,  -0.008770
5.895961  ,  4.169074,  4.169074,  0.785398,  4.167492,  4.166746,  0.777686,  1.000000,  0.000000,  0.000000,  1.007427,  0.001355,  -0.006236
5.940591  ,  4.200632,  4.200632,  0.785398,  4.199492,  4.198320,  0.777468,  1.000000,  0.000000,  0.000000,  1.007186,  0.000888,  -0.003740
5.986465  ,  4.233070,  4.233070,  0.785398,  4.232395,  4.230746,  0.777356,  1.000000,  0.000000,  0.000000,  1.006914,  0.000429,  -0.001298
6.033812  ,  4.266549,  4.266549,  0.785398,  4.266362,  4.264185,  0.777354,  1.000000,  0.000000,  0.000000,  1.006611,  -0.000019,  0.001079
6.082931  ,  4.301282,  4.301282,  0.785398,  4.301602,  4.298852,  0.777466,  1.000000,  0.000000,  0.000000,  1.006280,  -0.000454,  0.003375
6.132931  ,  4.336637,  4.336637,  0.785398,  4.337471,  4.334119,  0.777691,  1.000000,  0.000000,  0.000000,  1.005927,  -0.000859,  0.005521
6.182931  ,  4.371992,  4.371992,  0.785398,  4.373332,  4.369370,  0.778018,  1.000000,  0.000000,  0.000000,  1.005561,  -0.001227,  0.007466
6.232931  ,  4.407348,  4.407348,  0.785398,  4.409179,  4.404609,  0.778436,  1.000000,  0.000000,  0.000000,  1.005183,  -0.001556,  0.009205
6.282931  ,  4.442703,  4.442703,  0.785398,  4.445007,  4.439840,  0.778936,  1.000000,  0.000000,  0.000000,  1.004799,  -0.001847,  0.010731
6.332931  ,  4.478058,  4.478058,  0.785398,  4.480812,  4.475066,  0.779505,  1.000000,  0.000000,  0.000000,  1.004410,  -0.002098,  0.012040
6.382931  ,  4.513414,  4.513414,  0.785398,  4.516590,  4.510292,  0.780135,  1.000000,  0.000000,  0.000000,  1.004021,  -0.002310,  0.013129
6.432931  ,  4.548769,  4.548769,  0.785398,  4.552339,  4.545520,  0.780813,  1.000000,  0.000000,  0.000000,  1.003635,  -0.002481,  0.014000
6.482931  ,  4.584124,  4.584124,  0.785398,  4.588055,  4.580755,  0.781528,  1.000000,  0.000000,  0.000000,  1.003255,  -0.002613,  0.014656
6.532931  ,  4.619480,  4.619480,  0.785398,  4.623737,  4.615998,  0.782271,  1.000000,  0.000000,  0.000000,  1.002883,  -0.002707,  0.015102
6.582931  ,  4.654835,  4.654835,  0.785398,  4.659381,  4.651253,  0.783031,  1.000000,  0.000000,  0.000000,  1.002522,  -0.002763,  0.015345
6.632931  ,  4.690190,  4.690190,  0.785398,  4.694988,  4.686520,  0.783797,  1.000000,  0.000000,  0.000000,  1.002172,  -0.002783,  0.015393
6.682931  ,  4.725546,  4.725546,  0.785398,  4.730556,  4.721803,  0.784561,  1.000000,  0.000000,  0.000000,  1.001837,  -0.002769,  0.015257
6.732931  ,  4.760901,  4.760901,  0.785398,  4.766084,  4.757102,  0.785314,  1.000000,  0.000000,  0.000000,  1.001518,  -0.002724,  0.014948
6.782931  ,  4.796256,  4.796256,  0.785398,  4.801574,  4.792419,  0.786047,  1.000000,  0.000000,  0.000000,  1.001215,  -0.002648,  0.014480
6.832310  ,  4.831173,  4.831173,  0.785398,  4.836584,  4.827315,  0.786745,  1.000000,  0.000000,  0.000000,  1.000933,  -0.002549,  0.013874
6.881141  ,  4.865701,  4.865701,  0.785398,  4.871169,  4.861842,  0.787401,  1.000000,  0.000000,  0.000000,  1.000671,  -0.002426,  0.013146
6.929476  ,  4.899879,  4.899879,  0.785398,  4.905369,  4.896036,  0.788014,  1.000000,  0.000000,  0.000000,  1.000430,  -0.002284,  0.012311
6.977505  ,  4.933841,  4.933841,  0.785398,  4.939319,  4.930031,  0.788580,  1.000000,  0.000000,  0.000000,  1.000208,  -0.002123,  0.011385
7.025406  ,  4.967712,  4.967712,  0.785398,  4.973147,  4.963951,  0.789098,  1.000000,  0.000000,  0.000000,  1.000005,  -0.001947,  0.010382
7.073358  ,  5.001620,  5.001620,  0.785398,  5.006981,  4.997925,  0.789567,  1.000000,  0.000000,  0.000000,  0.999819,  -0.001757,  0.009312
7.121521  ,  5.035676,  5.035676,  0.785398,  5.040937,  5.032064,  0.789985,  1.000000,  0.000000,  0.000000,  0.999650,  -0.001557,  0.008189
7.170040  ,  5.069984,  5.069984,  0.785398,  5.075117,  5.066469,  0.790351,  1.000000,  0.000000,  0.000000,  0.999498,  -0.001346,  0.007022
7.219048  ,  5.104637,  5.104637,  0.785398,  5.109617,  5.101236,  0.790663,  1.000000,  0.000000,  0.000000,  0.999362,  -0.001129,  0.005823
7.268675  ,  5.139729,  5.139729,  0.785398,  5.144532,  5.136456,  0.790920,  1.000000,  0.000000,  0.000000,  0.999243,  -0.000907,  0.004603
7.318675  ,  5.175085,  5.175085,  0.785398,  5.179689,  5.171952,  0.791117,  1.000000,  0.000000,  0.000000,  0.999139,  -0.000684,  0.003383
7.368675  ,  5.210440,  5.210440,  0.785398,  5.214829,  5.207458,  0.791254,  1.000000,  0.000000,  0.000000,  0.999052,  -0.000466,  0.002186
7.418675  ,  5.245796,  5.245796,  0.785398,  5.249954,  5.242972,  0.791332,  1.000000,  0.000000,  0.000000,  0.998981,  -0.000253,  0.001020
7.468675  ,  5.281151,  5.281151,  0.785398,  5.285068,  5.278494,  0.791353,  1.000000,  0.000000,  0.000000,  0.998924,  -0.000047,  -0.000101
7.518675  ,  5.316506,  5.316506,  0.785398,  5.320173,  5.314021,  0.791319,  1.000000,  0.000000,  0.000000,  0.998882,  0.000150,  -0.001168
7.568675  ,  5.351862,  5.351862,  0.785398,  5.355272,  5.349552,  0.791234,  1.000000,  0.000000,  0.000000,  0.998853,  0.000335,  -0.002172
7.618675  ,  5.387217,  5.387217,  0.785398,  5.390368,  5.385084,  0.791101,  1.000000,  0.000000,  0.000000,  0.998836,  0.000508,  -0.003104
7.668675  ,  5.422572,  5.422572,  0.785398,  5.425463,  5.420616,  0.790923,  1.000000,  0.000000,  0.000000,  0.998830,  0.000667,  -0.003957
7.718675  ,  5.457928,  5.457928,  0.785398,  5.460559,  5.456147,  0.790705,  1.000000,  0.000000,  0.000000,  0.998834,  0.000812,  -0.004726
7.768675  ,  5.493283,  5.493283,  0.785398,  5.495659,  5.491675,  0.790451,  1.000000,  0.000000,  0.000000,  0.998847,  0.000940,  -0.005408
7.818675  ,  5.528638,  5.528638,  0.785398,  5.530765,  5.527198,  0.790166,  1.000000,  0.000000,  0.000000,  0.998869,  0.001052,  -0.005998
7.868675  ,  5.563994,  5.563994,  0.785398,  5.565879,  5.562715,  0.789853,  1.000000,  0.000000,  0.000000,  0.998897,  0.001148,  -0.006495
7.918675  ,  5.599349,  5.599349,  0.785398,  5.601002,  5.598226,  0.789518,  1.000000,  0.000000,  0.000000,  0.998933,  0.001227,  -0.006899
7.968675  ,  5.634704,  5.634704,  0.785398,  5.636136,  5.633728,  0.789166,  1.000000,  0.000000,  0.000000,  0.998973,  0.001288,  -0.007210
8.018675  ,  5.670060,  5.670060,  0.785398,  5.671283,  5.669221,  0.788800,  1.000000,  0.000000,  0.000000,  0.999019,  0.001333,  -0.007429
8.068675  ,  5.705415,  5.705415,  0.785398,  5.706442,  5.704704,  0.788426,  1.000000,  0.000000,  0.000000,  0.999068,  0.001362,  -0.007558
8.118675  ,  5.740770,  5.740770,  0.785398,  5.741616,  5.740176,  0.788048,  1.000000,  0.000000,  0.000000,  0.999120,  0.001375,  -0.007601
8.168675  ,  5.776126,  5.776126,  0.785398,  5.776806,  5.775638,  0.787670,  1.000000,  0.000000,  0.000000,  0.999175,  0.001373,  -0.007562
8.218675  ,  5.811481,  5.811481,  0.785398,  5.812010,  5.811087,  0.787295,  1.000000,  0.000000,  0.000000,  0.999231,  0.001356,  -0.007446
8.268675  ,  5.846836,  5.846836,  0.785398,  5.847231,  5.846525,  0.786929,  1.000000,  0.000000,  0.000000,  0.999288,  0.001327,  -0.007257
8.318675  ,  5.882192,  5.882192,  0.785398,  5.882468,  5.881951,  0.786574,  1.000000,  0.000000,  0.000000,  0.999346,  0.001284,  -0.007002
8.368675  ,  5.917547,  5.917547,  0.785398,  5.917721,  5.917365,  0.786232,  1.000000,  0.000000,  0.000000,  0.999404,  0.001231,  -0.006686
8.418675  ,  5.952902,  5.952902,  0.785398,  5.952989,  5.952767,  0.785909,  1.000000,  0.000000,  0.000000,  0.999462,  0.001167,  -0.006317
8.468675  ,  5.988258,  5.988258,  0.785398,  5.988273,  5.988158,  0.785604,  1.000000,  0.000000,  0.000000,  0.999518,  0.001095,  -0.005901
8.518675  ,  6.023613,  6.023613,  0.785398,  6.023573,  6.023537,  0.785322,  1.000000,  0.000000,  0.000000,  0.999574,  0.001014,  -0.005445
8.568675  ,  6.058968,  6.058968,  0.785398,  6.058886,  6.058906,  0.785063,  1.000000,  0.000000,  0.000000,  0.999627,  0.000928,  -0.004957
8.618675  ,  6.094324,  6.094324,  0.785398,  6.094214,  6.094265,  0.784830,  1.000000,  0.000000,  0.000000,  0.999679,  0.000836,  -0.004442
8.668675  ,  6.129679,  6.129679,  0.785398,  6.129554,  6.129615,  0.784622,  1.000000,  0.000000,  0.000000,  0.999729,  0.000741,  -0.003909
8.718675  ,  6.165034,  6.165034,  0.785398,  6.164907,  6.164956,  0.784441,  1.000000,  0.000000,  0.000000,  0.999776,  0.000643,  -0.003365
8.768675  ,  6.200390,  6.200390,  0.785398,  6.200270,  6.200289,  0.784288,  1.000000,  0.000000,  0.000000,  0.999821,  0.000544,  -0.002815
8.818675  ,  6.235745,  6.235745,  0.785398,  6.235643,  6.235616,  0.784162,  1.000000,  0.000000,  0.000000,  0.999864,  0.000444,  -0.002266
8.868675  ,  6.271100,  6.271100,  0.785398,  6.271026,  6.270936,  0.784063,  1.000000,  0.000000,  0.000000,  0.999903,  0.000346,  -0.001725
8.918675  ,  6.306456,  6.306456,  0.785398,  6.306416,  6.306251,  0.783991,  1.000000,  0.000000,  0.000000,  0.999940,  0.000249,  -0.001197
8.968675  ,  6.341811,  6.341811,  0.785398,  6.341813,  6.341562,  0.783945,  1.000000,  0.000000,  0.000000,  0.999974,  0.000156,  -0.000687
9.018675  ,  6.377166,  6.377166,  0.785398,  6.377215,  6.376869,  0.783924,  1.000000,  0.000000,  0.000000,  1.000005,  0.000067,  -0.000201
9.068675  ,  6.412522,  6.412522,  0.785398,  6.412622,  6.412174,  0.783926,  1.000000,  0.000000,  0.000000,  1.000033,  -0.000018,  0.000259
9.118675  ,  6.447877,  6.447877,  0.785398,  6.448033,  6.447477,  0.783950,  1.000000,  0.000000,  0.000000,  1.000058,  -0.000098,  0.000687
9.168675  ,  6.483232,  6.483232,  0.785398,  6.483446,  6.482780,  0.783995,  1.000000,  0.000000,  0.000000,  1.000081,  -0.000171,  0.001082
9.218675  ,  6.518588,  6.518588,  0.785398,  6.518860,  6.518083,  0.784058,  1.000000,  0.000000,  0.000000,  1.000101,  -0.000238,  0.001440
9.268675  ,  6.553943,  6.553943,  0.785398,  6.554274,  6.553387,  0.784138,  1.000000,  0.000000,  0.000000,  1.000118,  -0.000299,  0.001760
9.318675  ,  6.589298,  6.589298,  0.785398,  6.589689,  6.588692,  0.784234,  1.000000,  0.000000,  0.000000,  1.000133,  -0.000352,  0.002040
9.368675  ,  6.624654,  6.624654,  0.785398,  6.625101,  6.624000,  0.784342,  1.000000,  0.000000,  0.000000,  1.000145,  -0.000398,  0.002279
9.418675  ,  6.660009,  6.660009,  0.785398,  6.660512,  6.659310,  0.784461,  1.000000,  0.000000,  0.000000,  1.000156,  -0.000436,  0.002477
9.468675  ,  6.695364,  6.695364,  0.785398,  6.695920,  6.694624,  0.784588,  1.000000,  0.000000,  0.000000,  1.000163,  -0.000467,  0.002634
9.518675  ,  6.730720,  6.730720,  0.785398,  6.731324,  6.729942,  0.784723,  1.000000,  0.000000,  0.000000,  1.000169,  -0.000490,  0.002750
9.568675  ,  6.766075,  6.766075,  0.785398,  6.766725,  6.765264,  0.784862,  1.000000,  0.000000,  0.000000,  1.000173,  -0.000507,  0.002826
9.618675  ,  6.801430,  6.801430,  0.785398,  6.802121,  6.800591,  0.785004,  1.000000,  0.000000,  0.000000,  1.000175,  -0.000516,  0.002864
9.668675  ,  6.836786,  6.836786,  0.785398,  6.837513,  6.835923,  0.785147,  1.000000,  0.000000,  0.000000,  1.000176,  -0.000518,  0.002866
9.718675  ,  6.872141,  6.872141,  0.785398,  6.872899,  6.871259,  0.785289,  1.000000,  0.000000,  0.000000,  1.000175,  -0.000514,  0.002833
9.768675  ,  6.907496,  6.907496,  0.785398,  6.908280,  6.906601,  0.785428,  1.000000,  0.000000,  0.000000,  1.000173,  -0.000504,  0.002767
9.818675  ,  6.942852,  6.942852,  0.785398,  6.943656,  6.941948,  0.785564,  1.000000,  0.000000,  0.000000,  1.000169,  -0.000489,  0.002672
