time  , u_omega_l  , u_omega_r  
0.000000  ,  0.526516,  0.638038  
0.032000  ,  1.106722,  1.129511  
0.064000  ,  1.718145,  1.502370  
0.096000  ,  2.341704,  1.783962  
0.128000  ,  2.961950,  1.999955  
0.160000  ,  3.567092,  2.173431  
0.192000  ,  4.148652,  2.324173  
0.224000  ,  4.700811,  2.468231  
0.256000  ,  5.219615,  2.617788  
0.288000  ,  5.684094,  2.777293  
0.320000  ,  6.049948,  2.945451  
0.352000  ,  6.294194,  3.127804  
0.384000  ,  6.400000,  3.333884  
0.416000  ,  6.400000,  3.559752  
0.448000  ,  6.400000,  3.799091  
0.480000  ,  6.400000,  4.042674  
0.512000  ,  6.400000,  4.284035  
0.544000  ,  6.400000,  4.517670  
0.576000  ,  6.400000,  4.739756  
0.608000  ,  6.400000,  4.947684  
0.640000  ,  6.400000,  5.139266  
0.672000  ,  6.400000,  5.313883  
0.704000  ,  6.400000,  5.470613  
0.736000  ,  6.400000,  5.609718  
0.768000  ,  6.400000,  5.731304  
0.800000  ,  6.400000,  5.835801  
0.832000  ,  6.395858,  5.924518  
0.864000  ,  6.361734,  5.997935  
0.896000  ,  6.301017,  6.057260  
0.928000  ,  6.216999,  6.103618  
0.960000  ,  6.112842,  6.138103  
0.992000  ,  5.991346,  6.161419  
1.024000  ,  5.855304,  6.174627  
1.056000  ,  5.707357,  6.178802  
1.088000  ,  5.547485,  6.176528  
1.120000  ,  5.375968,  6.170039  
1.152000  ,  5.196027,  6.159610  
1.184000  ,  5.010641,  6.145528  
1.216000  ,  4.822545,  6.128072  
1.248000  ,  4.634216,  6.107509  
1.280000  ,  4.447886,  6.084077  
1.312000  ,  4.265534,  6.057989  
1.344000  ,  4.088901,  6.029426  
1.376000  ,  3.919491,  5.998543  
1.408000  ,  3.758580,  5.965469  
1.440000  ,  3.607231,  5.930322  
1.472000  ,  3.466296,  5.893209  
1.504000  ,  3.336434,  5.854238  
1.536000  ,  3.218121,  5.813523  
1.568000  ,  3.111659,  5.771191  
1.600000  ,  3.017193,  5.727385  
1.632000  ,  2.934723,  5.682269  
1.664000  ,  2.864115,  5.636026  
1.696000  ,  2.805119,  5.588858  
1.728000  ,  2.757380,  5.540989  
1.760000  ,  2.720454,  5.492655  
1.792000  ,  2.693822,  5.444104  
1.824000  ,  2.676903,  5.395592  
1.856000  ,  2.669068,  5.347377  
1.888000  ,  2.669652,  5.299717  
1.920000  ,  2.677965,  5.252863  
1.952000  ,  2.693306,  5.207055  
1.984000  ,  2.714971,  5.162523  
2.016000  ,  2.742261,  5.119477  
2.048000  ,  2.774491,  5.078110  
2.080000  ,  2.810999,  5.038594  
2.112000  ,  2.851146,  5.001077  
2.144000  ,  2.894325,  4.965686  
2.176000  ,  2.939964,  4.932522  
2.208000  ,  2.987527,  4.901664  
2.240000  ,  3.036515,  4.873165  
2.272000  ,  3.086472,  4.847058  
2.304000  ,  3.136979,  4.823353  
2.336000  ,  3.187656,  4.802037  
2.368000  ,  3.238163,  4.783082  
2.400000  ,  3.288199,  4.766440  
2.432000  ,  3.337496,  4.752048  
2.464000  ,  3.385822,  4.739827  
2.496000  ,  3.432979,  4.729689  
2.528000  ,  3.478796,  4.721533  
2.560000  ,  3.523135,  4.715251  
2.592000  ,  3.565880,  4.710728  
2.624000  ,  3.606944,  4.707844  
2.656000  ,  3.646259,  4.706476  
2.688000  ,  3.683778,  4.706498  
2.720000  ,  3.719473,  4.707785  
2.752000  ,  3.753331,  4.710213  
2.784000  ,  3.785356,  4.713659  
2.816000  ,  3.815562,  4.718003  
2.848000  ,  3.843976,  4.723131  
2.880000  ,  3.870634,  4.728930  
2.912000  ,  3.895580,  4.735296  
2.944000  ,  3.918866,  4.742128  
2.976000  ,  3.940549,  4.749333  
3.008000  ,  3.960690,  4.756823  
3.040000  ,  3.979354,  4.764518  
3.072000  ,  3.996608,  4.772342  
3.104000  ,  4.012523,  4.780229  
3.136000  ,  4.027167,  4.788117  
3.168000  ,  4.040613,  4.795950  
3.200000  ,  4.052929,  4.803680  
3.232000  ,  4.064185,  4.811265  
3.264000  ,  4.074450,  4.818666  
3.296000  ,  4.083790,  4.825852  
3.328000  ,  4.092270,  4.832796  
3.360000  ,  4.099952,  4.839475  
3.392000  ,  4.106897,  4.845872  
3.424000  ,  4.113161,  4.851973  
3.456000  ,  4.118800,  4.857768  
3.488000  ,  4.123866,  4.863250  
3.520000  ,  4.128408,  4.868415  
3.552000  ,  4.132473,  4.873262  
3.584000  ,  4.136104,  4.877793  
3.616000  ,  4.139343,  4.882011  
3.648000  ,  4.142226,  4.885921  
3.680000  ,  4.144791,  4.889531  
3.712000  ,  4.147069,  4.892850  
3.744000  ,  4.149092,  4.895886  
3.776000  ,  4.150887,  4.898650  
3.808000  ,  4.152479,  4.901154  
3.840000  ,  4.153894,  4.903410  
3.872000  ,  4.155151,  4.905429  
3.904000  ,  4.156271,  4.907224  
3.936000  ,  4.157272,  4.908809  
3.968000  ,  4.158168,  4.910196  
4.000000  ,  4.158976,  4.911398  
4.032000  ,  4.159706,  4.912427  
4.064000  ,  4.160372,  4.913296  
4.096000  ,  4.160983,  4.914017  
4.128000  ,  4.161549,  4.914601  
4.160000  ,  4.162076,  4.915061  
4.192000  ,  4.162572,  4.915407  
4.224000  ,  4.163044,  4.915650  
4.256000  ,  4.163496,  4.915799  
4.288000  ,  4.163932,  4.915864  
4.320000  ,  4.164357,  4.915855  
4.352000  ,  4.164774,  4.915779  
4.384000  ,  4.165184,  4.915645  
4.416000  ,  4.165592,  4.915460  
4.448000  ,  4.165997,  4.915232  
4.480000  ,  4.166401,  4.914965  
4.512000  ,  4.166806,  4.914667  
4.544000  ,  4.167212,  4.914343  
4.576000  ,  4.167620,  4.913999  
4.608000  ,  4.168029,  4.913637  
4.640000  ,  4.168440,  4.913263  
4.672000  ,  4.168853,  4.912881  
4.704000  ,  4.169267,  4.912494  
4.736000  ,  4.169683,  4.912104  
4.768000  ,  4.170100,  4.911715  
4.800000  ,  4.170516,  4.911329  
4.832000  ,  4.170933,  4.910948  
4.864000  ,  4.171349,  4.910574  
4.896000  ,  4.171764,  4.910208  
4.928000  ,  4.172177,  4.909851  
4.960000  ,  4.172588,  4.909505  
4.992000  ,  4.172995,  4.909170  
5.024000  ,  4.173400,  4.908848  
5.056000  ,  4.173800,  4.908538  
5.088000  ,  4.174196,  4.908241  
5.120000  ,  4.174586,  4.907958  
5.152000  ,  4.174972,  4.907688  
5.184000  ,  4.175351,  4.907431  
5.216000  ,  4.175725,  4.907188  
5.248000  ,  4.176092,  4.906958  
5.280000  ,  4.176452,  4.906740  
5.312000  ,  4.176805,  4.906536  
5.344000  ,  4.177151,  4.906344  
5.376000  ,  4.177489,  4.906163  
5.408000  ,  4.177819,  4.905995  
5.440000  ,  4.178142,  4.905837  
5.472000  ,  4.178457,  4.905690  
5.504000  ,  4.178763,  4.905553  
5.536000  ,  4.179062,  4.905425  
5.568000  ,  4.179352,  4.905307  
5.600000  ,  4.179635,  4.905198  
5.632000  ,  4.179909,  4.905096  
5.664000  ,  4.180175,  4.905003  
5.696000  ,  4.180433,  4.904916  
5.728000  ,  4.180683,  4.904837  
5.760000  ,  4.180926,  4.904763  
5.792000  ,  4.181160,  4.904696  
5.824000  ,  4.181387,  4.904634  
5.856000  ,  4.181607,  4.904577  
5.888000  ,  4.181819,  4.904525  
5.920000  ,  4.182024,  4.904477  
5.952000  ,  4.182222,  4.904433  
5.984000  ,  4.182413,  4.904393  
6.016000  ,  4.182597,  4.904356  
6.048000  ,  4.182775,  4.904323  
6.080000  ,  4.182946,  4.904292  
6.112000  ,  4.183111,  4.904263  
6.144000  ,  4.183270,  4.904237  
6.176000  ,  4.183423,  4.904213  
6.208000  ,  4.183570,  4.904191  
6.240000  ,  4.183712,  4.904171  
6.272000  ,  4.183848,  4.904152  
6.304000  ,  4.183980,  4.904134  
6.336000  ,  4.184106,  4.904118  
6.368000  ,  4.184227,  4.904103  
6.400000  ,  4.184344,  4.904088  
6.432000  ,  4.184456,  4.904075  
6.464000  ,  4.184564,  4.904062  
6.496000  ,  4.184668,  4.904050  
6.528000  ,  4.184767,  4.904039  
6.560000  ,  4.184863,  4.904028  
6.592000  ,  4.184955,  4.904018  
6.624000  ,  4.185043,  4.904008  
6.656000  ,  4.185128,  4.903998  
6.688000  ,  4.185209,  4.903989  
6.720000  ,  4.185288,  4.903980  
6.752000  ,  4.185363,  4.903971  
6.784000  ,  4.185435,  4.903963  
6.816000  ,  4.185504,  4.903954  
6.848000  ,  4.185571,  4.903946  
6.880000  ,  4.185635,  4.903938  
6.912000  ,  4.185697,  4.903931  
6.944000  ,  4.185756,  4.903923  
6.976000  ,  4.185812,  4.903915  
7.008000  ,  4.185867,  4.903908  
7.040000  ,  4.185919,  4.903901  
7.072000  ,  4.185970,  4.903893  
7.104000  ,  4.186018,  4.903886  
7.136000  ,  4.186065,  4.903879  
7.168000  ,  4.186109,  4.903872  
7.200000  ,  4.186152,  4.903866  
7.232000  ,  4.186194,  4.903859  
7.264000  ,  4.186233,  4.903853  
7.296000  ,  4.186272,  4.903846  
7.328000  ,  4.186308,  4.903840  
7.360000  ,  4.186344,  4.903834  
7.392000  ,  4.186378,  4.903827  
7.424000  ,  4.186410,  4.903822  
7.456000  ,  4.186442,  4.903816  
7.488000  ,  4.186472,  4.903810  
7.520000  ,  4.186501,  4.903804  
7.552000  ,  4.186529,  4.903799  
7.584000  ,  4.186556,  4.903794  
7.616000  ,  4.186582,  4.903788  
7.648000  ,  4.186607,  4.903783  
7.680000  ,  4.186631,  4.903778  
7.712000  ,  4.186655,  4.903773  
7.744000  ,  4.186677,  4.903769  
7.776000  ,  4.186698,  4.903764  
7.808000  ,  4.186719,  4.903760  
7.840000  ,  4.186739,  4.903755  
7.872000  ,  4.186758,  4.903751  
7.904000  ,  4.186777,  4.903747  
7.936000  ,  4.186795,  4.903743  
7.968000  ,  4.186812,  4.903739  
8.000000  ,  4.186829,  4.903735  
8.032000  ,  4.186845,  4.903732  
8.064000  ,  4.186860,  4.903728  
8.096000  ,  4.186875,  4.903725  
8.128000  ,  4.186889,  4.903722  
8.160000  ,  4.186903,  4.903718  
8.192000  ,  4.186916,  4.903715  
8.224000  ,  4.186929,  4.903712  
8.256000  ,  4.186941,  4.903710  
8.288000  ,  4.186953,  4.903707  
8.320000  ,  4.186965,  4.903704  
8.352000  ,  4.186976,  4.903702  
8.384000  ,  4.186987,  4.903699  
8.416000  ,  4.186997,  4.903697  
8.448000  ,  4.187007,  4.903695  
8.480000  ,  4.187016,  4.903692  
8.512000  ,  4.187026,  4.903690  
8.544000  ,  4.187034,  4.903688  
8.576000  ,  4.187043,  4.903686  
8.608000  ,  4.187051,  4.903684  
8.640000  ,  4.187059,  4.903683  
8.672000  ,  4.187067,  4.903681  
8.704000  ,  4.187074,  4.903679  
8.736000  ,  4.187082,  4.903678  
8.768000  ,  4.187088,  4.903676  
8.800000  ,  4.187095,  4.903674  
8.832000  ,  4.187102,  4.903673  
8.864000  ,  4.187108,  4.903672  
8.896000  ,  4.187114,  4.903670  
8.928000  ,  4.187119,  4.903669  
8.960000  ,  4.187125,  4.903668  
8.992000  ,  4.187130,  4.903667  
9.024000  ,  4.187136,  4.903666  
9.056000  ,  4.187140,  4.903664  
9.088000  ,  4.187145,  4.903663  
9.120000  ,  4.187150,  4.903662  
9.152000  ,  4.187154,  4.903661  
9.184000  ,  4.187159,  4.903660  
9.216000  ,  4.187163,  4.903660  
9.248000  ,  4.187167,  4.903659  
9.280000  ,  4.187171,  4.903658  
9.312000  ,  4.187174,  4.903657  
9.344000  ,  4.187178,  4.903656  
9.376000  ,  4.187181,  4.903656  
9.408000  ,  4.187185,  4.903655  
9.440000  ,  4.187188,  4.903654  
9.472000  ,  4.187191,  4.903654  
9.504000  ,  4.187194,  4.903653  
9.536000  ,  4.187197,  4.903652  
9.568000  ,  4.187200,  4.903652  
9.600000  ,  4.187202,  4.903651  
9.632000  ,  4.187205,  4.903651  
9.664000  ,  4.187207,  4.903650  
9.696000  ,  4.187210,  4.903650  
9.728000  ,  4.187212,  4.903649  
9.760000  ,  4.187214,  4.903649  
9.792000  ,  4.187216,  4.903648  
9.824000  ,  4.187218,  4.903648  
9.856000  ,  4.187220,  4.903647  
9.888000  ,  4.187222,  4.903647  
9.920000  ,  4.187224,  4.903647  
9.952000  ,  4.187226,  4.903646  
9.984000  ,  4.187228,  4.903646  
10.016000  ,  4.187229,  4.903646  
10.048000  ,  4.187231,  4.903645  
10.080000  ,  4.187232,  4.903645  
10.112000  ,  4.187234,  4.903645  
10.144000  ,  4.187235,  4.903644  
10.176000  ,  4.187237,  4.903644  
10.208000  ,  4.187238,  4.903644  
10.240000  ,  4.187239,  4.903643  
10.272000  ,  4.187240,  4.903643  
10.304000  ,  4.187242,  4.903643  
10.336000  ,  4.187243,  4.903643  
10.368000  ,  4.187244,  4.903642  
10.400000  ,  4.187245,  4.903642  
10.432000  ,  4.187246,  4.903642  
10.464000  ,  4.187247,  4.903642  
10.496000  ,  4.187248,  4.903642  
10.528000  ,  4.187249,  4.903641  
10.560000  ,  4.187250,  4.903641  
10.592000  ,  4.187250,  4.903641  
10.624000  ,  4.187251,  4.903641  
10.656000  ,  4.187252,  4.903641  
10.688000  ,  4.187253,  4.903641  
10.720000  ,  4.187253,  4.903640  
10.752000  ,  4.187254,  4.903640  
10.784000  ,  4.187255,  4.903640  
10.816000  ,  4.187255,  4.903640  
10.848000  ,  4.187256,  4.903640  
10.880000  ,  4.187257,  4.903640  
10.912000  ,  4.187257,  4.903640  
10.944000  ,  4.187258,  4.903640  
10.976000  ,  4.187258,  4.903639  
11.008000  ,  4.187259,  4.903639  
11.040000  ,  4.187259,  4.903639  
11.072000  ,  4.187260,  4.903639  
11.104000  ,  4.187260,  4.903639  
11.136000  ,  4.187261,  4.903639  
11.168000  ,  4.187261,  4.903639  
11.200000  ,  4.187262,  4.903639  
11.232000  ,  4.187262,  4.903639  
11.264000  ,  4.187262,  4.903639  
11.296000  ,  4.187263,  4.903638  
11.328000  ,  4.187263,  4.903638  
11.360000  ,  4.187264,  4.903638  
11.392000  ,  4.187264,  4.903638  
11.424000  ,  4.187264,  4.903638  
11.456000  ,  4.187264,  4.903638  
11.488000  ,  4.187265,  4.903638  
11.520000  ,  4.187265,  4.903638  
11.552000  ,  4.187265,  4.903638  
11.584000  ,  4.187266,  4.903638  
11.616000  ,  4.187266,  4.903638  
11.648000  ,  4.187266,  4.903638  
11.680000  ,  4.187266,  4.903638  
11.712000  ,  4.187267,  4.903638  
11.744000  ,  4.187267,  4.903638  
11.776000  ,  4.187267,  4.903638  
11.808000  ,  4.187267,  4.903638  
11.840000  ,  4.187267,  4.903637  
11.872000  ,  4.187268,  4.903637  
11.904000  ,  4.187268,  4.903637  
11.936000  ,  4.187268,  4.903637  
11.968000  ,  4.187268,  4.903637  
12.000000  ,  4.187268,  4.903637  
12.032000  ,  4.187268,  4.903637  
12.064000  ,  4.187269,  4.903637  
12.096000  ,  4.187269,  4.903637  
12.128000  ,  4.187269,  4.903637  
12.160000  ,  4.187269,  4.903637  
12.192000  ,  4.187269,  4.903637  
12.224000  ,  4.187269,  4.903637  
12.256000  ,  4.187269,  4.903637  
12.288000  ,  4.187270,  4.903637  
12.320000  ,  4.187270,  4.903637  
12.352000  ,  4.187270,  4.903637  
12.384000  ,  4.187270,  4.903637  
12.416000  ,  4.187270,  4.903637  
12.448000  ,  4.187270,  4.903637  
12.480000  ,  4.187270,  4.903637  
12.512000  ,  4.187270,  4.903637  
12.544000  ,  4.187270,  4.903637  
12.576000  ,  4.187270,  4.903637  
12.608000  ,  4.187271,  4.903637  
12.640000  ,  4.187271,  4.903637  
12.672000  ,  4.187271,  4.903637  
12.704000  ,  4.187271,  4.903637  
12.736000  ,  4.187271,  4.903637  
12.768000  ,  4.187271,  4.903637  
12.800000  ,  4.187271,  4.903637  
12.832000  ,  4.187271,  4.903637  
12.864000  ,  4.187271,  4.903637  
12.896000  ,  4.187271,  4.903637  
12.928000  ,  4.187271,  4.903637  
12.960000  ,  4.187271,  4.903637  
12.992000  ,  4.187271,  4.903637  
13.024000  ,  4.187271,  4.903637  
13.056000  ,  4.187271,  4.903637  
13.088000  ,  4.187271,  4.903637  
13.120000  ,  4.187272,  4.903637  
13.152000  ,  4.187272,  4.903637  
13.184000  ,  4.187272,  4.903637  
13.216000  ,  4.187272,  4.903637  
13.248000  ,  4.187272,  4.903637  
13.280000  ,  4.187272,  4.903637  
13.312000  ,  4.187272,  4.903637  
13.344000  ,  4.187272,  4.903637  
13.376000  ,  4.187272,  4.903637  
13.408000  ,  4.187272,  4.903637  
13.440000  ,  4.187272,  4.903637  
13.472000  ,  4.187272,  4.903637  
13.504000  ,  4.187272,  4.903637  
13.536000  ,  4.187272,  4.903637  
13.568000  ,  4.187272,  4.903637  
13.600000  ,  4.187272,  4.903637  
13.632000  ,  4.187272,  4.903637  
13.664000  ,  4.187272,  4.903636  
13.696000  ,  4.187272,  4.903636  
13.728000  ,  4.187272,  4.903636  
13.760000  ,  4.187272,  4.903636  
13.792000  ,  4.187272,  4.903636  
13.824000  ,  4.187272,  4.903636  
13.856000  ,  4.187272,  4.903636  
13.888000  ,  4.187272,  4.903636  
13.920000  ,  4.187272,  4.903636  
13.952000  ,  4.187272,  4.903636  
13.984000  ,  4.187272,  4.903636  
14.016000  ,  4.187272,  4.903636  
14.048000  ,  4.187272,  4.903636  
14.080000  ,  4.187272,  4.903636  
14.112000  ,  4.187272,  4.903636  
14.144000  ,  4.187272,  4.903636  
14.176000  ,  4.187272,  4.903636  
14.208000  ,  4.187272,  4.903636  
14.240000  ,  4.187272,  4.903636  
14.272000  ,  4.187272,  4.903636  
14.304000  ,  4.187272,  4.903636  
14.336000  ,  4.187272,  4.903636  
14.368000  ,  4.187272,  4.903636  
14.400000  ,  4.187272,  4.903636  
14.432000  ,  4.187272,  4.903636  
14.464000  ,  4.187272,  4.903636  
14.496000  ,  4.187272,  4.903636  
14.528000  ,  4.187272,  4.903636  
14.560000  ,  4.187272,  4.903636  
14.592000  ,  4.187273,  4.903636  
14.624000  ,  4.187273,  4.903636  
14.656000  ,  4.187273,  4.903636  
14.688000  ,  4.187273,  4.903636  
14.720000  ,  4.187273,  4.903636  
14.752000  ,  4.187273,  4.903636  
14.784000  ,  4.187273,  4.903636  
14.816000  ,  4.187273,  4.903636  
14.848000  ,  4.187273,  4.903636  
14.880000  ,  4.187273,  4.903636  
14.912000  ,  4.187273,  4.903636  
14.944000  ,  4.187273,  4.903636  
14.976000  ,  4.187273,  4.903636  
15.008000  ,  4.187273,  4.903636  
15.040000  ,  4.187273,  4.903636  
15.072000  ,  4.187273,  4.903636  
15.104000  ,  4.187273,  4.903636  
15.136000  ,  4.187273,  4.903636  
15.168000  ,  4.187273,  4.903636  
15.200000  ,  4.187273,  4.903636  
15.232000  ,  4.187273,  4.903636  
15.264000  ,  4.187273,  4.903636  
15.296000  ,  4.187273,  4.903636  
15.328000  ,  4.187273,  4.903636  
15.360000  ,  4.187273,  4.903636  
15.392000  ,  4.187273,  4.903636  
15.424000  ,  4.187273,  4.903636  
15.456000  ,  4.187273,  4.903636  
15.488000  ,  4.187273,  4.903636  
15.520000  ,  4.187273,  4.903636  
15.552000  ,  4.187273,  4.903636  
15.584000  ,  4.187273,  4.903636  
15.616000  ,  4.187273,  4.903636  
15.648000  ,  4.187273,  4.903636  
15.680000  ,  4.187273,  4.903636  
15.712000  ,  4.187273,  4.903636  
15.744000  ,  4.187273,  4.903636  
15.776000  ,  4.187273,  4.903636  
15.808000  ,  4.187273,  4.903636  
15.840000  ,  4.187273,  4.903636  
15.872000  ,  4.187273,  4.903636  
15.904000  ,  4.187273,  4.903636  
15.936000  ,  4.187273,  4.903636  
15.968000  ,  4.187273,  4.903636  
16.000000  ,  4.187273,  4.903636  
16.032000  ,  4.187273,  4.903636  
16.064000  ,  4.187273,  4.903636  
16.096000  ,  4.187273,  4.903636  
16.128000  ,  4.187273,  4.903636  
16.160000  ,  4.187273,  4.903636  
16.192000  ,  4.187273,  4.903636  
16.224000  ,  4.187273,  4.903636  
16.256000  ,  4.187273,  4.903636  
16.288000  ,  4.187273,  4.903636  
16.320000  ,  4.187273,  4.903636  
16.352000  ,  4.187273,  4.903636  
16.384000  ,  4.187273,  4.903636  
16.416000  ,  4.187273,  4.903636  
16.448000  ,  4.187273,  4.903636  
16.480000  ,  4.187273,  4.903636  
16.512000  ,  4.187273,  4.903636  
16.544000  ,  4.187273,  4.903636  
16.576000  ,  4.187273,  4.903636  
16.608000  ,  4.187273,  4.903636  
16.640000  ,  4.187273,  4.903636  
16.672000  ,  4.187273,  4.903636  
16.704000  ,  4.187273,  4.903636  
16.736000  ,  4.187273,  4.903636  
16.768000  ,  4.187273,  4.903636  
16.800000  ,  4.187273,  4.903636  
16.832000  ,  4.187273,  4.903636  
16.864000  ,  4.187273,  4.903636  
16.896000  ,  4.187273,  4.903636  
16.928000  ,  4.187273,  4.903636  
16.960000  ,  4.187273,  4.903636  
16.992000  ,  4.187273,  4.903636  
17.024000  ,  4.187273,  4.903636  
17.056000  ,  4.187273,  4.903636  
17.088000  ,  4.187273,  4.903636  
17.120000  ,  4.187273,  4.903636  
17.152000  ,  4.187273,  4.903636  
17.184000  ,  4.187273,  4.903636  
17.216000  ,  4.187273,  4.903636  
17.248000  ,  4.187273,  4.903636  
17.280000  ,  4.187273,  4.903636  
17.312000  ,  4.187273,  4.903636  
17.344000  ,  4.187273,  4.903636  
17.376000  ,  4.187273,  4.903636  
17.408000  ,  4.187273,  4.903636  
17.440000  ,  4.187273,  4.903636  
17.472000  ,  4.187273,  4.903636  
17.504000  ,  4.187273,  4.903636  
17.536000  ,  4.187273,  4.903636  
17.568000  ,  4.187273,  4.903636  
17.600000  ,  4.187273,  4.903636  
17.632000  ,  4.187273,  4.903636  
17.664000  ,  4.187273,  4.903636  
17.696000  ,  4.187273,  4.903636  
17.728000  ,  4.187273,  4.903636  
17.760000  ,  4.187273,  4.903636  
17.792000  ,  4.187273,  4.903636  
17.824000  ,  4.187273,  4.903636  
17.856000  ,  4.187273,  4.903636  
17.888000  ,  4.187273,  4.903636  
17.920000  ,  4.187273,  4.903636  
17.952000  ,  4.187273,  4.903636  
17.984000  ,  4.187273,  4.903636  
18.016000  ,  4.187273,  4.903636  
18.048000  ,  4.187273,  4.903636  
18.080000  ,  4.187273,  4.903636  
18.112000  ,  4.187273,  4.903636  
18.144000  ,  4.187273,  4.903636  
18.176000  ,  4.187273,  4.903636  
18.208000  ,  4.187273,  4.903636  
18.240000  ,  4.187273,  4.903636  
18.272000  ,  4.187273,  4.903636  
18.304000  ,  4.187273,  4.903636  
18.336000  ,  4.187273,  4.903636  
18.368000  ,  4.187273,  4.903636  
18.400000  ,  4.187273,  4.903636  
18.432000  ,  4.187273,  4.903636  
18.464000  ,  4.187273,  4.903636  
18.496000  ,  4.187273,  4.903636  
18.528000  ,  4.187273,  4.903636  
18.560000  ,  4.187273,  4.903636  
18.592000  ,  4.187273,  4.903636  
18.624000  ,  4.187273,  4.903636  
18.656000  ,  4.187273,  4.903636  
18.688000  ,  4.187273,  4.903636  
18.720000  ,  4.187273,  4.903636  
18.752000  ,  4.187273,  4.903636  
18.784000  ,  4.187273,  4.903636  
18.816000  ,  4.187273,  4.903636  
18.848000  ,  4.187273,  4.903636  
18.880000  ,  4.187273,  4.903636  
18.912000  ,  4.187273,  4.903636  
18.944000  ,  4.187273,  4.903636  
18.976000  ,  4.187273,  4.903636  
19.008000  ,  4.187273,  4.903636  
19.040000  ,  4.187273,  4.903636  
19.072000  ,  4.187273,  4.903636  
19.104000  ,  4.187273,  4.903636  
19.136000  ,  4.187273,  4.903636  
19.168000  ,  4.187273,  4.903636  
19.200000  ,  4.187273,  4.903636  
19.232000  ,  4.187273,  4.903636  
19.264000  ,  4.187273,  4.903636  
19.296000  ,  4.187273,  4.903636  
19.328000  ,  4.187273,  4.903636  
19.360000  ,  4.187273,  4.903636  
19.392000  ,  4.187273,  4.903636  
19.424000  ,  4.187273,  4.903636  
19.456000  ,  4.187273,  4.903636  
19.488000  ,  4.187273,  4.903636  
19.520000  ,  4.187273,  4.903636  
19.552000  ,  4.187273,  4.903636  
19.584000  ,  4.187273,  4.903636  
19.616000  ,  4.187273,  4.903636  
19.648000  ,  4.187273,  4.903636  
19.680000  ,  4.187273,  4.903636  
19.712000  ,  4.187273,  4.903636  
19.744000  ,  4.187273,  4.903636  
19.776000  ,  4.187273,  4.903636  
19.808000  ,  4.187273,  4.903636  
19.840000  ,  4.187273,  4.903636  
19.872000  ,  4.187273,  4.903636  
19.904000  ,  4.187273,  4.903636  
19.936000  ,  4.187273,  4.903636  
19.968000  ,  4.187273,  4.903636  
20.000000  ,  4.187273,  4.903636  
20.032000  ,  4.187273,  4.903636  
20.064000  ,  4.187273,  4.903636  
20.096000  ,  4.187273,  4.903636  
20.128000  ,  4.187273,  4.903636  
20.160000  ,  4.187273,  4.903636  
20.192000  ,  4.187273,  4.903636  
20.224000  ,  4.187273,  4.903636  
20.256000  ,  4.187273,  4.903636  
20.288000  ,  4.187273,  4.903636  
20.320000  ,  4.187273,  4.903636  
20.352000  ,  4.187273,  4.903636  
20.384000  ,  4.187273,  4.903636  
20.416000  ,  4.187273,  4.903636  
20.448000  ,  4.187273,  4.903636  
20.480000  ,  4.187273,  4.903636  
20.512000  ,  4.187273,  4.903636  
20.544000  ,  4.187273,  4.903636  
20.576000  ,  4.187273,  4.903636  
20.608000  ,  4.187273,  4.903636  
20.640000  ,  4.187273,  4.903636  
20.672000  ,  4.187273,  4.903636  
20.704000  ,  4.187273,  4.903636  
20.736000  ,  4.187273,  4.903636  
20.768000  ,  4.187273,  4.903636  
20.800000  ,  4.187273,  4.903636  
20.832000  ,  4.187273,  4.903636  
20.864000  ,  4.187273,  4.903636  
20.896000  ,  4.187273,  4.903636  
20.928000  ,  4.187273,  4.903636  
20.960000  ,  4.187273,  4.903636  
20.992000  ,  4.187273,  4.903636  
21.024000  ,  4.187273,  4.903636  
21.056000  ,  4.187273,  4.903636  
21.088000  ,  4.187273,  4.903636  
21.120000  ,  4.187273,  4.903636  
21.152000  ,  4.187273,  4.903636  
21.184000  ,  4.187273,  4.903636  
21.216000  ,  4.187273,  4.903636  
21.248000  ,  4.187273,  4.903636  
21.280000  ,  4.187273,  4.903636  
21.312000  ,  4.187273,  4.903636  
21.344000  ,  4.187273,  4.903636  
21.376000  ,  4.187273,  4.903636  
21.408000  ,  4.187273,  4.903636  
21.440000  ,  4.187273,  4.903636  
21.472000  ,  4.187273,  4.903636  
21.504000  ,  4.187273,  4.903636  
21.536000  ,  4.187273,  4.903636  
21.568000  ,  4.187273,  4.903636  
21.600000  ,  4.187273,  4.903636  
21.632000  ,  4.187273,  4.903636  
21.664000  ,  4.187273,  4.903636  
21.696000  ,  4.187273,  4.903636  
21.728000  ,  4.187273,  4.903636  
21.760000  ,  4.187273,  4.903636  
21.792000  ,  4.187273,  4.903636  
21.824000  ,  4.187273,  4.903636  
21.856000  ,  4.187273,  4.903636  
21.888000  ,  4.187273,  4.903636  
21.920000  ,  4.187273,  4.903636  
21.952000  ,  4.187273,  4.903636  
21.984000  ,  4.187273,  4.903636  
22.016000  ,  4.187273,  4.903636  
22.048000  ,  4.187273,  4.903636  
22.080000  ,  4.187273,  4.903636  
22.112000  ,  4.187273,  4.903636  
22.144000  ,  4.187273,  4.903636  
22.176000  ,  4.187273,  4.903636  
22.208000  ,  4.187273,  4.903636  
22.240000  ,  4.187273,  4.903636  
22.272000  ,  4.187273,  4.903636  
22.304000  ,  4.187273,  4.903636  
22.336000  ,  4.187273,  4.903636  
22.368000  ,  4.187273,  4.903636  
22.400000  ,  4.187273,  4.903636  
22.432000  ,  4.187273,  4.903636  
22.464000  ,  4.187273,  4.903636  
22.496000  ,  4.187273,  4.903636  
22.528000  ,  4.187273,  4.903636  
22.560000  ,  4.187273,  4.903636  
22.592000  ,  4.187273,  4.903636  
22.624000  ,  4.187273,  4.903636  
22.656000  ,  4.187273,  4.903636  
22.688000  ,  4.187273,  4.903636  
22.720000  ,  4.187273,  4.903636  
22.752000  ,  4.187273,  4.903636  
22.784000  ,  4.187273,  4.903636  
22.816000  ,  4.187273,  4.903636  
22.848000  ,  4.187273,  4.903636  
22.880000  ,  4.187273,  4.903636  
22.912000  ,  4.187273,  4.903636  
22.944000  ,  4.187273,  4.903636  
22.976000  ,  4.187273,  4.903636  
23.008000  ,  4.187273,  4.903636  
23.040000  ,  4.187273,  4.903636  
23.072000  ,  4.187273,  4.903636  
23.104000  ,  4.187273,  4.903636  
23.136000  ,  4.187273,  4.903636  
23.168000  ,  4.187273,  4.903636  
23.200000  ,  4.187273,  4.903636  
23.232000  ,  4.187273,  4.903636  
23.264000  ,  4.187273,  4.903636  
23.296000  ,  4.187273,  4.903636  
23.328000  ,  4.187273,  4.903636  
23.360000  ,  4.187273,  4.903636  
23.392000  ,  4.187273,  4.903636  
23.424000  ,  4.187273,  4.903636  
23.456000  ,  4.187273,  4.903636  
23.488000  ,  4.187273,  4.903636  
23.520000  ,  4.187273,  4.903636  
23.552000  ,  4.187273,  4.903636  
23.584000  ,  4.187273,  4.903636  
23.616000  ,  4.187273,  4.903636  
23.648000  ,  4.187273,  4.903636  
23.680000  ,  4.187273,  4.903636  
23.712000  ,  4.187273,  4.903636  
23.744000  ,  4.187273,  4.903636  
23.776000  ,  4.187273,  4.903636  
23.808000  ,  4.187273,  4.903636  
23.840000  ,  4.187273,  4.903636  
23.872000  ,  4.187273,  4.903636  
23.904000  ,  4.187273,  4.903636  
23.936000  ,  4.187273,  4.903636  
23.968000  ,  4.187273,  4.903636  
24.000000  ,  4.187273,  4.903636  
24.032000  ,  4.187273,  4.903636  
24.064000  ,  4.187273,  4.903636  
24.096000  ,  4.187273,  4.903636  
24.128000  ,  4.187273,  4.903636  
24.160000  ,  4.187273,  4.903636  
24.192000  ,  4.187273,  4.903636  
24.224000  ,  4.187273,  4.903636  
24.256000  ,  4.187273,  4.903636  
24.288000  ,  4.187273,  4.903636  
24.320000  ,  4.187273,  4.903636  
24.352000  ,  4.187273,  4.903636  
24.384000  ,  4.187273,  4.903636  
24.416000  ,  4.187273,  4.903636  
24.448000  ,  4.187273,  4.903636  
24.480000  ,  4.187273,  4.903636  
24.512000  ,  4.187273,  4.903636  
24.544000  ,  4.187273,  4.903636  
24.576000  ,  4.187273,  4.903636  
24.608000  ,  4.187273,  4.903636  
24.640000  ,  4.187273,  4.903636  
24.672000  ,  4.187273,  4.903636  
24.704000  ,  4.187273,  4.903636  
24.736000  ,  4.187273,  4.903636  
24.768000  ,  4.187273,  4.903636  
24.800000  ,  4.187273,  4.903636  
24.832000  ,  4.187273,  4.903636  
24.864000  ,  4.187273,  4.903636  
24.896000  ,  4.187273,  4.903636  
24.928000  ,  4.187273,  4.903636  
24.960000  ,  4.187273,  4.903636  
24.992000  ,  4.187273,  4.903636  
25.024000  ,  4.187273,  4.903636  
25.056000  ,  4.187273,  4.903636  
25.088000  ,  4.187273,  4.903636  
25.120000  ,  4.187273,  4.903636  
25.152000  ,  4.187273,  4.903636  
25.184000  ,  4.187273,  4.903636  
25.216000  ,  4.187273,  4.903636  
25.248000  ,  4.187273,  4.903636  
25.280000  ,  4.187273,  4.903636  
25.312000  ,  4.187273,  4.903636  
25.344000  ,  4.187273,  4.903636  
25.376000  ,  4.187273,  4.903636  
25.408000  ,  4.187273,  4.903636  
25.440000  ,  4.187273,  4.903636  
25.472000  ,  4.187273,  4.903636  
25.504000  ,  4.187273,  4.903636  
25.536000  ,  4.187273,  4.903636  
25.568000  ,  4.187273,  4.903636  
25.600000  ,  4.187273,  4.903636  
25.632000  ,  4.187273,  4.903636  
25.664000  ,  4.187273,  4.903636  
25.696000  ,  4.187273,  4.903636  
25.728000  ,  4.187273,  4.903636  
25.760000  ,  4.187273,  4.903636  
25.792000  ,  4.187273,  4.903636  
25.824000  ,  4.187273,  4.903636  
25.856000  ,  4.187273,  4.903636  
25.888000  ,  4.187273,  4.903636  
25.920000  ,  4.187273,  4.903636  
25.952000  ,  4.187273,  4.903636  
25.984000  ,  4.187273,  4.903636  
26.016000  ,  4.187273,  4.903636  
26.048000  ,  4.187273,  4.903636  
26.080000  ,  4.187273,  4.903636  
26.112000  ,  4.187273,  4.903636  
26.144000  ,  4.187273,  4.903636  
26.176000  ,  4.187273,  4.903636  
26.208000  ,  4.187273,  4.903636  
26.240000  ,  4.187273,  4.903636  
26.272000  ,  4.187273,  4.903636  
26.304000  ,  4.187273,  4.903636  
26.336000  ,  4.187273,  4.903636  
26.368000  ,  4.187273,  4.903636  
26.400000  ,  4.187273,  4.903636  
26.432000  ,  4.187273,  4.903636  
26.464000  ,  4.187273,  4.903636  
26.496000  ,  4.187273,  4.903636  
26.528000  ,  4.187273,  4.903636  
26.560000  ,  4.187273,  4.903636  
26.592000  ,  4.187273,  4.903636  
26.624000  ,  4.187273,  4.903636  
26.656000  ,  4.187273,  4.903636  
26.688000  ,  4.187273,  4.903636  
26.720000  ,  4.187273,  4.903636  
26.752000  ,  4.187273,  4.903636  
26.784000  ,  4.187273,  4.903636  
26.816000  ,  4.187273,  4.903636  
26.848000  ,  4.187273,  4.903636  
26.880000  ,  4.187273,  4.903636  
26.912000  ,  4.187273,  4.903636  
26.944000  ,  4.187273,  4.903636  
26.976000  ,  4.187273,  4.903636  
27.008000  ,  4.187273,  4.903636  
27.040000  ,  4.187273,  4.903636  
27.072000  ,  4.187273,  4.903636  
27.104000  ,  4.187273,  4.903636  
27.136000  ,  4.187273,  4.903636  
27.168000  ,  4.187273,  4.903636  
27.200000  ,  4.187273,  4.903636  
27.232000  ,  4.187273,  4.903636  
27.264000  ,  4.187273,  4.903636  
27.296000  ,  4.187273,  4.903636  
27.328000  ,  4.187273,  4.903636  
27.360000  ,  4.187273,  4.903636  
27.392000  ,  4.187273,  4.903636  
27.424000  ,  4.187273,  4.903636  
27.456000  ,  4.187273,  4.903636  
27.488000  ,  4.187273,  4.903636  
27.520000  ,  4.187273,  4.903636  
27.552000  ,  4.187273,  4.903636  
27.584000  ,  4.187273,  4.903636  
27.616000  ,  4.187273,  4.903636  
27.648000  ,  4.187273,  4.903636  
27.680000  ,  4.187273,  4.903636  
27.712000  ,  4.187273,  4.903636  
27.744000  ,  4.187273,  4.903636  
27.776000  ,  4.187273,  4.903636  
27.808000  ,  4.187273,  4.903636  
27.840000  ,  4.187273,  4.903636  
27.872000  ,  4.187273,  4.903636  
27.904000  ,  4.187273,  4.903636  
27.936000  ,  4.187273,  4.903636  
27.968000  ,  4.187273,  4.903636  
28.000000  ,  4.187273,  4.903636  
28.032000  ,  4.187273,  4.903636  
28.064000  ,  4.187273,  4.903636  
28.096000  ,  4.187273,  4.903636  
28.128000  ,  4.187273,  4.903636  
28.160000  ,  4.187273,  4.903636  
28.192000  ,  4.187273,  4.903636  
28.224000  ,  4.187273,  4.903636  
28.256000  ,  4.187273,  4.903636  
28.288000  ,  4.187273,  4.903636  
28.320000  ,  4.187273,  4.903636  
28.352000  ,  4.187273,  4.903636  
28.384000  ,  4.187273,  4.903636  
28.416000  ,  4.187273,  4.903636  
28.448000  ,  4.187273,  4.903636  
28.480000  ,  4.187273,  4.903636  
28.512000  ,  4.187273,  4.903636  
28.544000  ,  4.187273,  4.903636  
28.576000  ,  4.187273,  4.903636  
28.608000  ,  4.187273,  4.903636  
28.640000  ,  4.187273,  4.903636  
28.672000  ,  4.187273,  4.903636  
28.704000  ,  4.187273,  4.903636  
28.736000  ,  4.187273,  4.903636  
28.768000  ,  4.187273,  4.903636  
28.800000  ,  4.187273,  4.903636  
28.832000  ,  4.187273,  4.903636  
28.864000  ,  4.187273,  4.903636  
28.896000  ,  4.187273,  4.903636  
28.928000  ,  4.187273,  4.903636  
28.960000  ,  4.187273,  4.903636  
28.992000  ,  4.187273,  4.903636  
29.024000  ,  4.187273,  4.903636  
29.056000  ,  4.187273,  4.903636  
29.088000  ,  4.187273,  4.903636  
29.120000  ,  4.187273,  4.903636  
29.152000  ,  4.187273,  4.903636  
29.184000  ,  4.187273,  4.903636  
29.216000  ,  4.187273,  4.903636  
29.248000  ,  4.187273,  4.903636  
29.280000  ,  4.187273,  4.903636  
29.312000  ,  4.187273,  4.903636  
29.344000  ,  4.187273,  4.903636  
29.376000  ,  4.187273,  4.903636  
29.408000  ,  4.187273,  4.903636  
29.440000  ,  4.187273,  4.903636  
29.472000  ,  4.187273,  4.903636  
29.504000  ,  4.187273,  4.903636  
29.536000  ,  4.187273,  4.903636  
29.568000  ,  4.187273,  4.903636  
29.600000  ,  4.187273,  4.903636  
29.632000  ,  4.187273,  4.903636  
29.664000  ,  4.187273,  4.903636  
29.696000  ,  4.187273,  4.903636  
29.728000  ,  4.187273,  4.903636  
29.760000  ,  4.187273,  4.903636  
29.792000  ,  4.187273,  4.903636  
29.824000  ,  4.187273,  4.903636  
29.856000  ,  4.187273,  4.903636  
29.888000  ,  4.187273,  4.903636  
29.920000  ,  4.187273,  4.903636  
29.952000  ,  4.187273,  4.903636  
29.984000  ,  4.187273,  4.903636  
