time  , u_omega_l  , u_omega_r  
0.000000  ,  -0.069391,  0.895417  
0.032000  ,  -0.057982,  1.635581  
0.064000  ,  0.016337,  2.237434  
0.096000  ,  0.138752,  2.718172  
0.128000  ,  0.296373,  3.094247  
0.160000  ,  0.477891,  3.380967  
0.192000  ,  0.673566,  3.592374  
0.224000  ,  0.875269,  3.741234  
0.256000  ,  1.076498,  3.839063  
0.288000  ,  1.272305,  3.896149  
0.320000  ,  1.459162,  3.921571  
0.352000  ,  1.634783,  3.923217  
0.384000  ,  1.797903,  3.907822  
0.416000  ,  1.948073,  3.881020  
0.448000  ,  2.085447,  3.847425  
0.480000  ,  2.210606,  3.810720  
0.512000  ,  2.324402,  3.773767  
0.544000  ,  2.427841,  3.738718  
0.576000  ,  2.521988,  3.707128  
0.608000  ,  2.607901,  3.680052  
0.640000  ,  2.686586,  3.658148  
0.672000  ,  2.758970,  3.641754  
0.704000  ,  2.825883,  3.630967  
0.736000  ,  2.888055,  3.625694  
0.768000  ,  2.946115,  3.625709  
0.800000  ,  3.000597,  3.630692  
0.832000  ,  3.051946,  3.640258  
0.864000  ,  3.100532,  3.653986  
0.896000  ,  3.146654,  3.671436  
0.928000  ,  3.190554,  3.692164  
0.960000  ,  3.232426,  3.715735  
0.992000  ,  3.272424,  3.741726  
1.024000  ,  3.310669,  3.769739  
1.056000  ,  3.347260,  3.799397  
1.088000  ,  3.382276,  3.830350  
1.120000  ,  3.415782,  3.862276  
1.152000  ,  3.447836,  3.894880  
1.184000  ,  3.478488,  3.927893  
1.216000  ,  3.507787,  3.961076  
1.248000  ,  3.535780,  3.994211  
1.280000  ,  3.562515,  4.027108  
1.312000  ,  3.588042,  4.059598  
1.344000  ,  3.612414,  4.091532  
1.376000  ,  3.635684,  4.122784  
1.408000  ,  3.657909,  4.153245  
1.440000  ,  3.679150,  4.182823  
1.472000  ,  3.699466,  4.211441  
1.504000  ,  3.718922,  4.239039  
1.536000  ,  3.737579,  4.265568  
1.568000  ,  3.755503,  4.290991  
1.600000  ,  3.772754,  4.315283  
1.632000  ,  3.789397,  4.338429  
1.664000  ,  3.805491,  4.360422  
1.696000  ,  3.821094,  4.381262  
1.728000  ,  3.836262,  4.400958  
1.760000  ,  3.851047,  4.419525  
1.792000  ,  3.865499,  4.436981  
1.824000  ,  3.879663,  4.453351  
1.856000  ,  3.893581,  4.468664  
1.888000  ,  3.907289,  4.482950  
1.920000  ,  3.920822,  4.496244  
1.952000  ,  3.934209,  4.508583  
1.984000  ,  3.947476,  4.520005  
2.016000  ,  3.960642,  4.530550  
2.048000  ,  3.973727,  4.540257  
2.080000  ,  3.986743,  4.549168  
2.112000  ,  3.999702,  4.557325  
2.144000  ,  4.012609,  4.564767  
2.176000  ,  4.025470,  4.571536  
2.208000  ,  4.038285,  4.577671  
2.240000  ,  4.051054,  4.583212  
2.272000  ,  4.063773,  4.588197  
2.304000  ,  4.076436,  4.592663  
2.336000  ,  4.089037,  4.596645  
2.368000  ,  4.101568,  4.600178  
2.400000  ,  4.114018,  4.603295  
2.432000  ,  4.126378,  4.606027  
2.464000  ,  4.138636,  4.608404  
2.496000  ,  4.150781,  4.610454  
2.528000  ,  4.162801,  4.612204  
2.560000  ,  4.174685,  4.613679  
2.592000  ,  4.186419,  4.614902  
2.624000  ,  4.197993,  4.615895  
2.656000  ,  4.209396,  4.616679  
2.688000  ,  4.220616,  4.617272  
2.720000  ,  4.231643,  4.617693  
2.752000  ,  4.242469,  4.617957  
2.784000  ,  4.253083,  4.618079  
2.816000  ,  4.263478,  4.618073  
2.848000  ,  4.273647,  4.617952  
2.880000  ,  4.283583,  4.617727  
2.912000  ,  4.293281,  4.617408  
2.944000  ,  4.302736,  4.617005  
2.976000  ,  4.311943,  4.616526  
3.008000  ,  4.320900,  4.615980  
3.040000  ,  4.329605,  4.615373  
3.072000  ,  4.338057,  4.614711  
3.104000  ,  4.346253,  4.614001  
3.136000  ,  4.354196,  4.613247  
3.168000  ,  4.361884,  4.612454  
3.200000  ,  4.369321,  4.611626  
3.232000  ,  4.376507,  4.610767  
3.264000  ,  4.383445,  4.609880  
3.296000  ,  4.390140,  4.608968  
3.328000  ,  4.396593,  4.608035  
3.360000  ,  4.402809,  4.607082  
3.392000  ,  4.408793,  4.606112  
3.424000  ,  4.414549,  4.605127  
3.456000  ,  4.420082,  4.604128  
3.488000  ,  4.425398,  4.603118  
3.520000  ,  4.430502,  4.602099  
3.552000  ,  4.435399,  4.601071  
3.584000  ,  4.440097,  4.600036  
3.616000  ,  4.444599,  4.598996  
3.648000  ,  4.448914,  4.597951  
3.680000  ,  4.453046,  4.596904  
3.712000  ,  4.457002,  4.595855  
3.744000  ,  4.460788,  4.594805  
3.776000  ,  4.464410,  4.593755  
3.808000  ,  4.467874,  4.592707  
3.840000  ,  4.471185,  4.591662  
3.872000  ,  4.474351,  4.590620  
3.904000  ,  4.477376,  4.589582  
3.936000  ,  4.480266,  4.588550  
3.968000  ,  4.483027,  4.587524  
4.000000  ,  4.485664,  4.586506  
4.032000  ,  4.488183,  4.585495  
4.064000  ,  4.490588,  4.584493  
4.096000  ,  4.492884,  4.583500  
4.128000  ,  4.495077,  4.582518  
4.160000  ,  4.497171,  4.581546  
4.192000  ,  4.499171,  4.580587  
4.224000  ,  4.501080,  4.579639  
4.256000  ,  4.502903,  4.578705  
4.288000  ,  4.504644,  4.577783  
4.320000  ,  4.506307,  4.576876  
4.352000  ,  4.507896,  4.575983  
4.384000  ,  4.509413,  4.575105  
4.416000  ,  4.510863,  4.574242  
4.448000  ,  4.512249,  4.573395  
4.480000  ,  4.513573,  4.572564  
4.512000  ,  4.514839,  4.571748  
4.544000  ,  4.516050,  4.570950  
4.576000  ,  4.517207,  4.570168  
4.608000  ,  4.518315,  4.569402  
4.640000  ,  4.519374,  4.568654  
4.672000  ,  4.520389,  4.567923  
4.704000  ,  4.521359,  4.567208  
4.736000  ,  4.522289,  4.566511  
4.768000  ,  4.523179,  4.565831  
4.800000  ,  4.524032,  4.565168  
4.832000  ,  4.524849,  4.564522  
4.864000  ,  4.525632,  4.563893  
4.896000  ,  4.526383,  4.563281  
4.928000  ,  4.527103,  4.562686  
4.960000  ,  4.527794,  4.562107  
4.992000  ,  4.528457,  4.561544  
5.024000  ,  4.529093,  4.560998  
5.056000  ,  4.529703,  4.560467  
5.088000  ,  4.530289,  4.559952  
5.120000  ,  4.530852,  4.559453  
5.152000  ,  4.531393,  4.558969  
5.184000  ,  4.531912,  4.558499  
5.216000  ,  4.532412,  4.558045  
5.248000  ,  4.532891,  4.557604  
5.280000  ,  4.533353,  4.557178  
5.312000  ,  4.533796,  4.556765  
5.344000  ,  4.534223,  4.556366  
5.376000  ,  4.534634,  4.555980  
5.408000  ,  4.535028,  4.555607  
5.440000  ,  4.535408,  4.555246  
5.472000  ,  4.535774,  4.554897  
5.504000  ,  4.536126,  4.554560  
5.536000  ,  4.536465,  4.554235  
5.568000  ,  4.536791,  4.553920  
5.600000  ,  4.537105,  4.553617  
5.632000  ,  4.537408,  4.553324  
5.664000  ,  4.537699,  4.553041  
5.696000  ,  4.537980,  4.552768  
5.728000  ,  4.538250,  4.552505  
5.760000  ,  4.538511,  4.552251  
5.792000  ,  4.538762,  4.552006  
5.824000  ,  4.539004,  4.551770  
5.856000  ,  4.539237,  4.551542  
5.888000  ,  4.539461,  4.551322  
5.920000  ,  4.539677,  4.551110  
5.952000  ,  4.539886,  4.550906  
5.984000  ,  4.540087,  4.550709  
6.016000  ,  4.540281,  4.550520  
6.048000  ,  4.540468,  4.550337  
6.080000  ,  4.540648,  4.550161  
6.112000  ,  4.540821,  4.549991  
6.144000  ,  4.540988,  4.549827  
6.176000  ,  4.541150,  4.549669  
6.208000  ,  4.541305,  4.549517  
6.240000  ,  4.541455,  4.549371  
6.272000  ,  4.541599,  4.549230  
6.304000  ,  4.541739,  4.549094  
6.336000  ,  4.541873,  4.548963  
6.368000  ,  4.542002,  4.548836  
6.400000  ,  4.542127,  4.548715  
6.432000  ,  4.542247,  4.548597  
6.464000  ,  4.542363,  4.548484  
6.496000  ,  4.542475,  4.548375  
6.528000  ,  4.542583,  4.548270  
6.560000  ,  4.542687,  4.548169  
6.592000  ,  4.542787,  4.548072  
6.624000  ,  4.542883,  4.547978  
6.656000  ,  4.542976,  4.547887  
6.688000  ,  4.543066,  4.547800  
6.720000  ,  4.543152,  4.547716  
6.752000  ,  4.543236,  4.547635  
6.784000  ,  4.543316,  4.547557  
6.816000  ,  4.543393,  4.547481  
6.848000  ,  4.543468,  4.547409  
6.880000  ,  4.543540,  4.547339  
6.912000  ,  4.543609,  4.547271  
6.944000  ,  4.543676,  4.547206  
6.976000  ,  4.543741,  4.547143  
7.008000  ,  4.543803,  4.547083  
7.040000  ,  4.543862,  4.547025  
7.072000  ,  4.543920,  4.546968  
7.104000  ,  4.543976,  4.546914  
7.136000  ,  4.544029,  4.546862  
7.168000  ,  4.544081,  4.546812  
7.200000  ,  4.544131,  4.546763  
7.232000  ,  4.544179,  4.546716  
7.264000  ,  4.544225,  4.546671  
7.296000  ,  4.544269,  4.546627  
7.328000  ,  4.544312,  4.546586  
7.360000  ,  4.544354,  4.546545  
7.392000  ,  4.544394,  4.546506  
7.424000  ,  4.544432,  4.546468  
7.456000  ,  4.544469,  4.546432  
7.488000  ,  4.544505,  4.546397  
7.520000  ,  4.544539,  4.546363  
7.552000  ,  4.544572,  4.546331  
7.584000  ,  4.544604,  4.546299  
7.616000  ,  4.544635,  4.546269  
7.648000  ,  4.544665,  4.546240  
7.680000  ,  4.544693,  4.546212  
7.712000  ,  4.544721,  4.546185  
7.744000  ,  4.544747,  4.546158  
7.776000  ,  4.544773,  4.546133  
7.808000  ,  4.544797,  4.546109  
7.840000  ,  4.544821,  4.546085  
7.872000  ,  4.544844,  4.546063  
7.904000  ,  4.544866,  4.546041  
7.936000  ,  4.544887,  4.546020  
7.968000  ,  4.544908,  4.546000  
8.000000  ,  4.544928,  4.545980  
8.032000  ,  4.544947,  4.545961  
8.064000  ,  4.544965,  4.545943  
8.096000  ,  4.544983,  4.545925  
8.128000  ,  4.545000,  4.545908  
8.160000  ,  4.545016,  4.545892  
8.192000  ,  4.545032,  4.545876  
8.224000  ,  4.545047,  4.545861  
8.256000  ,  4.545062,  4.545847  
8.288000  ,  4.545076,  4.545833  
8.320000  ,  4.545090,  4.545819  
8.352000  ,  4.545103,  4.545806  
8.384000  ,  4.545116,  4.545793  
8.416000  ,  4.545128,  4.545781  
8.448000  ,  4.545140,  4.545769  
8.480000  ,  4.545151,  4.545758  
8.512000  ,  4.545162,  4.545747  
8.544000  ,  4.545172,  4.545736  
8.576000  ,  4.545183,  4.545726  
8.608000  ,  4.545192,  4.545717  
8.640000  ,  4.545202,  4.545707  
8.672000  ,  4.545211,  4.545698  
8.704000  ,  4.545220,  4.545689  
8.736000  ,  4.545228,  4.545681  
8.768000  ,  4.545236,  4.545673  
8.800000  ,  4.545244,  4.545665  
8.832000  ,  4.545252,  4.545657  
8.864000  ,  4.545259,  4.545650  
8.896000  ,  4.545266,  4.545643  
8.928000  ,  4.545273,  4.545636  
8.960000  ,  4.545279,  4.545630  
8.992000  ,  4.545286,  4.545623  
9.024000  ,  4.545292,  4.545617  
9.056000  ,  4.545298,  4.545611  
9.088000  ,  4.545303,  4.545606  
9.120000  ,  4.545309,  4.545600  
9.152000  ,  4.545314,  4.545595  
9.184000  ,  4.545319,  4.545590  
9.216000  ,  4.545324,  4.545585  
9.248000  ,  4.545329,  4.545580  
9.280000  ,  4.545333,  4.545576  
9.312000  ,  4.545338,  4.545571  
9.344000  ,  4.545342,  4.545567  
9.376000  ,  4.545346,  4.545563  
9.408000  ,  4.545350,  4.545559  
9.440000  ,  4.545354,  4.545555  
9.472000  ,  4.545357,  4.545552  
9.504000  ,  4.545361,  4.545548  
9.536000  ,  4.545364,  4.545545  
9.568000  ,  4.545367,  4.545542  
9.600000  ,  4.545370,  4.545539  
9.632000  ,  4.545374,  4.545536  
9.664000  ,  4.545376,  4.545533  
9.696000  ,  4.545379,  4.545530  
9.728000  ,  4.545382,  4.545527  
9.760000  ,  4.545385,  4.545524  
9.792000  ,  4.545387,  4.545522  
9.824000  ,  4.545390,  4.545520  
9.856000  ,  4.545392,  4.545517  
9.888000  ,  4.545394,  4.545515  
9.920000  ,  4.545396,  4.545513  
9.952000  ,  4.545398,  4.545511  
9.984000  ,  4.545400,  4.545509  
10.016000  ,  4.545402,  4.545507  
10.048000  ,  4.545404,  4.545505  
10.080000  ,  4.545406,  4.545503  
10.112000  ,  4.545408,  4.545501  
10.144000  ,  4.545409,  4.545500  
10.176000  ,  4.545411,  4.545498  
10.208000  ,  4.545413,  4.545496  
10.240000  ,  4.545414,  4.545495  
10.272000  ,  4.545416,  4.545493  
10.304000  ,  4.545417,  4.545492  
10.336000  ,  4.545418,  4.545491  
10.368000  ,  4.545420,  4.545489  
10.400000  ,  4.545421,  4.545488  
10.432000  ,  4.545422,  4.545487  
10.464000  ,  4.545423,  4.545486  
10.496000  ,  4.545424,  4.545485  
10.528000  ,  4.545426,  4.545484  
10.560000  ,  4.545427,  4.545482  
10.592000  ,  4.545428,  4.545481  
10.624000  ,  4.545429,  4.545481  
10.656000  ,  4.545429,  4.545480  
10.688000  ,  4.545430,  4.545479  
10.720000  ,  4.545431,  4.545478  
10.752000  ,  4.545432,  4.545477  
10.784000  ,  4.545433,  4.545476  
10.816000  ,  4.545434,  4.545475  
10.848000  ,  4.545434,  4.545475  
10.880000  ,  4.545435,  4.545474  
10.912000  ,  4.545436,  4.545473  
10.944000  ,  4.545437,  4.545473  
10.976000  ,  4.545437,  4.545472  
11.008000  ,  4.545438,  4.545471  
11.040000  ,  4.545438,  4.545471  
11.072000  ,  4.545439,  4.545470  
11.104000  ,  4.545440,  4.545470  
11.136000  ,  4.545440,  4.545469  
11.168000  ,  4.545441,  4.545468  
11.200000  ,  4.545441,  4.545468  
11.232000  ,  4.545442,  4.545467  
11.264000  ,  4.545442,  4.545467  
11.296000  ,  4.545443,  4.545467  
11.328000  ,  4.545443,  4.545466  
11.360000  ,  4.545443,  4.545466  
11.392000  ,  4.545444,  4.545465  
11.424000  ,  4.545444,  4.545465  
11.456000  ,  4.545445,  4.545465  
11.488000  ,  4.545445,  4.545464  
11.520000  ,  4.545445,  4.545464  
11.552000  ,  4.545446,  4.545464  
11.584000  ,  4.545446,  4.545463  
11.616000  ,  4.545446,  4.545463  
11.648000  ,  4.545447,  4.545463  
11.680000  ,  4.545447,  4.545462  
11.712000  ,  4.545447,  4.545462  
11.744000  ,  4.545447,  4.545462  
11.776000  ,  4.545448,  4.545461  
11.808000  ,  4.545448,  4.545461  
11.840000  ,  4.545448,  4.545461  
11.872000  ,  4.545448,  4.545461  
11.904000  ,  4.545449,  4.545461  
11.936000  ,  4.545449,  4.545460  
11.968000  ,  4.545449,  4.545460  
12.000000  ,  4.545449,  4.545460  
12.032000  ,  4.545449,  4.545460  
12.064000  ,  4.545450,  4.545460  
12.096000  ,  4.545450,  4.545459  
12.128000  ,  4.545450,  4.545459  
12.160000  ,  4.545450,  4.545459  
12.192000  ,  4.545450,  4.545459  
12.224000  ,  4.545450,  4.545459  
12.256000  ,  4.545451,  4.545459  
12.288000  ,  4.545451,  4.545458  
12.320000  ,  4.545451,  4.545458  
12.352000  ,  4.545451,  4.545458  
12.384000  ,  4.545451,  4.545458  
12.416000  ,  4.545451,  4.545458  
12.448000  ,  4.545451,  4.545458  
12.480000  ,  4.545451,  4.545458  
12.512000  ,  4.545452,  4.545458  
12.544000  ,  4.545452,  4.545457  
12.576000  ,  4.545452,  4.545457  
12.608000  ,  4.545452,  4.545457  
12.640000  ,  4.545452,  4.545457  
12.672000  ,  4.545452,  4.545457  
12.704000  ,  4.545452,  4.545457  
12.736000  ,  4.545452,  4.545457  
12.768000  ,  4.545452,  4.545457  
12.800000  ,  4.545452,  4.545457  
12.832000  ,  4.545452,  4.545457  
12.864000  ,  4.545453,  4.545457  
12.896000  ,  4.545453,  4.545456  
12.928000  ,  4.545453,  4.545456  
12.960000  ,  4.545453,  4.545456  
12.992000  ,  4.545453,  4.545456  
13.024000  ,  4.545453,  4.545456  
13.056000  ,  4.545453,  4.545456  
13.088000  ,  4.545453,  4.545456  
13.120000  ,  4.545453,  4.545456  
13.152000  ,  4.545453,  4.545456  
13.184000  ,  4.545453,  4.545456  
13.216000  ,  4.545453,  4.545456  
13.248000  ,  4.545453,  4.545456  
13.280000  ,  4.545453,  4.545456  
13.312000  ,  4.545453,  4.545456  
13.344000  ,  4.545453,  4.545456  
13.376000  ,  4.545453,  4.545456  
13.408000  ,  4.545453,  4.545456  
13.440000  ,  4.545454,  4.545456  
13.472000  ,  4.545454,  4.545456  
13.504000  ,  4.545454,  4.545456  
13.536000  ,  4.545454,  4.545455  
13.568000  ,  4.545454,  4.545455  
13.600000  ,  4.545454,  4.545455  
13.632000  ,  4.545454,  4.545455  
13.664000  ,  4.545454,  4.545455  
13.696000  ,  4.545454,  4.545455  
13.728000  ,  4.545454,  4.545455  
13.760000  ,  4.545454,  4.545455  
13.792000  ,  4.545454,  4.545455  
13.824000  ,  4.545454,  4.545455  
13.856000  ,  4.545454,  4.545455  
13.888000  ,  4.545454,  4.545455  
13.920000  ,  4.545454,  4.545455  
13.952000  ,  4.545454,  4.545455  
13.984000  ,  4.545454,  4.545455  
14.016000  ,  4.545454,  4.545455  
14.048000  ,  4.545454,  4.545455  
14.080000  ,  4.545454,  4.545455  
14.112000  ,  4.545454,  4.545455  
14.144000  ,  4.545454,  4.545455  
14.176000  ,  4.545454,  4.545455  
14.208000  ,  4.545454,  4.545455  
14.240000  ,  4.545454,  4.545455  
14.272000  ,  4.545454,  4.545455  
14.304000  ,  4.545454,  4.545455  
14.336000  ,  4.545454,  4.545455  
14.368000  ,  4.545454,  4.545455  
14.400000  ,  4.545454,  4.545455  
14.432000  ,  4.545454,  4.545455  
14.464000  ,  4.545454,  4.545455  
14.496000  ,  4.545454,  4.545455  
14.528000  ,  4.545454,  4.545455  
14.560000  ,  4.545454,  4.545455  
14.592000  ,  4.545454,  4.545455  
14.624000  ,  4.545454,  4.545455  
14.656000  ,  4.545454,  4.545455  
14.688000  ,  4.545454,  4.545455  
14.720000  ,  4.545454,  4.545455  
14.752000  ,  4.545454,  4.545455  
14.784000  ,  4.545454,  4.545455  
14.816000  ,  4.545454,  4.545455  
14.848000  ,  4.545454,  4.545455  
14.880000  ,  4.545454,  4.545455  
14.912000  ,  4.545454,  4.545455  
14.944000  ,  4.545454,  4.545455  
14.976000  ,  4.545454,  4.545455  
15.008000  ,  4.545454,  4.545455  
15.040000  ,  4.545454,  4.545455  
15.072000  ,  4.545454,  4.545455  
15.104000  ,  4.545454,  4.545455  
15.136000  ,  4.545454,  4.545455  
15.168000  ,  4.545454,  4.545455  
15.200000  ,  4.545454,  4.545455  
15.232000  ,  4.545454,  4.545455  
15.264000  ,  4.545454,  4.545455  
15.296000  ,  4.545454,  4.545455  
15.328000  ,  4.545454,  4.545455  
15.360000  ,  4.545454,  4.545455  
15.392000  ,  4.545454,  4.545455  
15.424000  ,  4.545454,  4.545455  
15.456000  ,  4.545454,  4.545455  
15.488000  ,  4.545454,  4.545455  
15.520000  ,  4.545454,  4.545455  
15.552000  ,  4.545454,  4.545455  
15.584000  ,  4.545454,  4.545455  
15.616000  ,  4.545454,  4.545455  
15.648000  ,  4.545454,  4.545455  
15.680000  ,  4.545454,  4.545455  
15.712000  ,  4.545454,  4.545455  
15.744000  ,  4.545454,  4.545455  
15.776000  ,  4.545454,  4.545455  
15.808000  ,  4.545454,  4.545455  
15.840000  ,  4.545454,  4.545455  
15.872000  ,  4.545454,  4.545455  
15.904000  ,  4.545454,  4.545455  
15.936000  ,  4.545454,  4.545455  
15.968000  ,  4.545454,  4.545455  
16.000000  ,  4.545454,  4.545455  
16.032000  ,  4.545454,  4.545455  
16.064000  ,  4.545454,  4.545455  
16.096000  ,  4.545454,  4.545455  
16.128000  ,  4.545454,  4.545455  
16.160000  ,  4.545454,  4.545455  
16.192000  ,  4.545455,  4.545455  
16.224000  ,  4.545455,  4.545455  
16.256000  ,  4.545455,  4.545455  
16.288000  ,  4.545455,  4.545455  
16.320000  ,  4.545455,  4.545455  
16.352000  ,  4.545455,  4.545455  
16.384000  ,  4.545455,  4.545455  
16.416000  ,  4.545455,  4.545455  
16.448000  ,  4.545455,  4.545455  
16.480000  ,  4.545455,  4.545455  
16.512000  ,  4.545455,  4.545455  
16.544000  ,  4.545455,  4.545455  
16.576000  ,  4.545455,  4.545455  
16.608000  ,  4.545455,  4.545455  
16.640000  ,  4.545455,  4.545455  
16.672000  ,  4.545455,  4.545455  
16.704000  ,  4.545455,  4.545455  
16.736000  ,  4.545455,  4.545455  
16.768000  ,  4.545455,  4.545455  
16.800000  ,  4.545455,  4.545455  
16.832000  ,  4.545455,  4.545455  
16.864000  ,  4.545455,  4.545455  
16.896000  ,  4.545455,  4.545455  
16.928000  ,  4.545455,  4.545455  
16.960000  ,  4.545455,  4.545455  
16.992000  ,  4.545455,  4.545455  
17.024000  ,  4.545455,  4.545455  
17.056000  ,  4.545455,  4.545455  
17.088000  ,  4.545455,  4.545455  
17.120000  ,  4.545455,  4.545455  
17.152000  ,  4.545455,  4.545455  
17.184000  ,  4.545455,  4.545455  
17.216000  ,  4.545455,  4.545455  
17.248000  ,  4.545455,  4.545455  
17.280000  ,  4.545455,  4.545455  
17.312000  ,  4.545455,  4.545455  
17.344000  ,  4.545455,  4.545455  
17.376000  ,  4.545455,  4.545455  
17.408000  ,  4.545455,  4.545455  
17.440000  ,  4.545455,  4.545455  
17.472000  ,  4.545455,  4.545455  
17.504000  ,  4.545455,  4.545455  
17.536000  ,  4.545455,  4.545455  
17.568000  ,  4.545455,  4.545455  
17.600000  ,  4.545455,  4.545455  
17.632000  ,  4.545455,  4.545455  
17.664000  ,  4.545455,  4.545455  
17.696000  ,  4.545455,  4.545455  
17.728000  ,  4.545455,  4.545455  
17.760000  ,  4.545455,  4.545455  
17.792000  ,  4.545455,  4.545455  
17.824000  ,  4.545455,  4.545455  
17.856000  ,  4.545455,  4.545455  
17.888000  ,  4.545455,  4.545455  
17.920000  ,  4.545455,  4.545455  
17.952000  ,  4.545455,  4.545455  
17.984000  ,  4.545455,  4.545455  
18.016000  ,  4.545455,  4.545455  
18.048000  ,  4.545455,  4.545455  
18.080000  ,  4.545455,  4.545455  
18.112000  ,  4.545455,  4.545455  
18.144000  ,  4.545455,  4.545455  
18.176000  ,  4.545455,  4.545455  
18.208000  ,  4.545455,  4.545455  
18.240000  ,  4.545455,  4.545455  
18.272000  ,  4.545455,  4.545455  
18.304000  ,  4.545455,  4.545455  
18.336000  ,  4.545455,  4.545455  
18.368000  ,  4.545455,  4.545455  
18.400000  ,  4.545455,  4.545455  
18.432000  ,  4.545455,  4.545455  
18.464000  ,  4.545455,  4.545455  
18.496000  ,  4.545455,  4.545455  
18.528000  ,  4.545455,  4.545455  
18.560000  ,  4.545455,  4.545455  
18.592000  ,  4.545455,  4.545455  
18.624000  ,  4.545455,  4.545455  
18.656000  ,  4.545455,  4.545455  
18.688000  ,  4.545455,  4.545455  
18.720000  ,  4.545455,  4.545455  
18.752000  ,  4.545455,  4.545455  
18.784000  ,  4.545455,  4.545455  
18.816000  ,  4.545455,  4.545455  
18.848000  ,  4.545455,  4.545455  
18.880000  ,  4.545455,  4.545455  
18.912000  ,  4.545455,  4.545455  
18.944000  ,  4.545455,  4.545455  
18.976000  ,  4.545455,  4.545455  
19.008000  ,  4.545455,  4.545455  
19.040000  ,  4.545455,  4.545455  
19.072000  ,  4.545455,  4.545455  
19.104000  ,  4.545455,  4.545455  
19.136000  ,  4.545455,  4.545455  
19.168000  ,  4.545455,  4.545455  
19.200000  ,  4.545455,  4.545455  
19.232000  ,  4.545455,  4.545455  
19.264000  ,  4.545455,  4.545455  
19.296000  ,  4.545455,  4.545455  
19.328000  ,  4.545455,  4.545455  
19.360000  ,  4.545455,  4.545455  
19.392000  ,  4.545455,  4.545455  
19.424000  ,  4.545455,  4.545455  
19.456000  ,  4.545455,  4.545455  
19.488000  ,  4.545455,  4.545455  
19.520000  ,  4.545455,  4.545455  
19.552000  ,  4.545455,  4.545455  
19.584000  ,  4.545455,  4.545455  
19.616000  ,  4.545455,  4.545455  
19.648000  ,  4.545455,  4.545455  
19.680000  ,  4.545455,  4.545455  
19.712000  ,  4.545455,  4.545455  
19.744000  ,  4.545455,  4.545455  
19.776000  ,  4.545455,  4.545455  
19.808000  ,  4.545455,  4.545455  
19.840000  ,  4.545455,  4.545455  
19.872000  ,  4.545455,  4.545455  
19.904000  ,  4.545455,  4.545455  
19.936000  ,  4.545455,  4.545455  
19.968000  ,  4.545455,  4.545455  
20.000000  ,  4.545455,  4.545455  
20.032000  ,  4.545455,  4.545455  
20.064000  ,  4.545455,  4.545455  
20.096000  ,  4.545455,  4.545455  
20.128000  ,  4.545455,  4.545455  
20.160000  ,  4.545455,  4.545455  
20.192000  ,  4.545455,  4.545455  
20.224000  ,  4.545455,  4.545455  
20.256000  ,  4.545455,  4.545455  
20.288000  ,  4.545455,  4.545455  
20.320000  ,  4.545455,  4.545455  
20.352000  ,  4.545455,  4.545455  
20.384000  ,  4.545455,  4.545455  
20.416000  ,  4.545455,  4.545455  
20.448000  ,  4.545455,  4.545455  
20.480000  ,  4.545455,  4.545455  
20.512000  ,  4.545455,  4.545455  
20.544000  ,  4.545455,  4.545455  
20.576000  ,  4.545455,  4.545455  
20.608000  ,  4.545455,  4.545455  
20.640000  ,  4.545455,  4.545455  
20.672000  ,  4.545455,  4.545455  
20.704000  ,  4.545455,  4.545455  
20.736000  ,  4.545455,  4.545455  
20.768000  ,  4.545455,  4.545455  
20.800000  ,  4.545455,  4.545455  
20.832000  ,  4.545455,  4.545455  
20.864000  ,  4.545455,  4.545455  
20.896000  ,  4.545455,  4.545455  
20.928000  ,  4.545455,  4.545455  
20.960000  ,  4.545455,  4.545455  
20.992000  ,  4.545455,  4.545455  
21.024000  ,  4.545455,  4.545455  
21.056000  ,  4.545455,  4.545455  
21.088000  ,  4.545455,  4.545455  
21.120000  ,  4.545455,  4.545455  
21.152000  ,  4.545455,  4.545455  
21.184000  ,  4.545455,  4.545455  
21.216000  ,  4.545455,  4.545455  
21.248000  ,  4.545455,  4.545455  
21.280000  ,  4.545455,  4.545455  
21.312000  ,  4.545455,  4.545455  
21.344000  ,  4.545455,  4.545455  
21.376000  ,  4.545455,  4.545455  
21.408000  ,  4.545455,  4.545455  
21.440000  ,  4.545455,  4.545455  
21.472000  ,  4.545455,  4.545455  
21.504000  ,  4.545455,  4.545455  
21.536000  ,  4.545455,  4.545455  
21.568000  ,  4.545455,  4.545455  
21.600000  ,  4.545455,  4.545455  
21.632000  ,  4.545455,  4.545455  
21.664000  ,  4.545455,  4.545455  
21.696000  ,  4.545455,  4.545455  
21.728000  ,  4.545455,  4.545455  
21.760000  ,  4.545455,  4.545455  
21.792000  ,  4.545455,  4.545455  
21.824000  ,  4.545455,  4.545455  
21.856000  ,  4.545455,  4.545455  
21.888000  ,  4.545455,  4.545455  
21.920000  ,  4.545455,  4.545455  
21.952000  ,  4.545455,  4.545455  
21.984000  ,  4.545455,  4.545455  
22.016000  ,  4.545455,  4.545455  
22.048000  ,  4.545455,  4.545455  
22.080000  ,  4.545455,  4.545455  
22.112000  ,  4.545455,  4.545455  
22.144000  ,  4.545455,  4.545455  
22.176000  ,  4.545455,  4.545455  
22.208000  ,  4.545455,  4.545455  
22.240000  ,  4.545455,  4.545455  
22.272000  ,  4.545455,  4.545455  
22.304000  ,  4.545455,  4.545455  
22.336000  ,  4.545455,  4.545455  
22.368000  ,  4.545455,  4.545455  
22.400000  ,  4.545455,  4.545455  
22.432000  ,  4.545455,  4.545455  
22.464000  ,  4.545455,  4.545455  
22.496000  ,  4.545455,  4.545455  
22.528000  ,  4.545455,  4.545455  
22.560000  ,  4.545455,  4.545455  
22.592000  ,  4.545455,  4.545455  
22.624000  ,  4.545455,  4.545455  
22.656000  ,  4.545455,  4.545455  
22.688000  ,  4.545455,  4.545455  
22.720000  ,  4.545455,  4.545455  
22.752000  ,  4.545455,  4.545455  
22.784000  ,  4.545455,  4.545455  
22.816000  ,  4.545455,  4.545455  
22.848000  ,  4.545455,  4.545455  
22.880000  ,  4.545455,  4.545455  
22.912000  ,  4.545455,  4.545455  
22.944000  ,  4.545455,  4.545455  
22.976000  ,  4.545455,  4.545455  
23.008000  ,  4.545455,  4.545455  
23.040000  ,  4.545455,  4.545455  
23.072000  ,  4.545455,  4.545455  
23.104000  ,  4.545455,  4.545455  
23.136000  ,  4.545455,  4.545455  
23.168000  ,  4.545455,  4.545455  
23.200000  ,  4.545455,  4.545455  
23.232000  ,  4.545455,  4.545455  
23.264000  ,  4.545455,  4.545455  
23.296000  ,  4.545455,  4.545455  
23.328000  ,  4.545455,  4.545455  
23.360000  ,  4.545455,  4.545455  
23.392000  ,  4.545455,  4.545455  
23.424000  ,  4.545455,  4.545455  
23.456000  ,  4.545455,  4.545455  
23.488000  ,  4.545455,  4.545455  
23.520000  ,  4.545455,  4.545455  
23.552000  ,  4.545455,  4.545455  
23.584000  ,  4.545455,  4.545455  
23.616000  ,  4.545455,  4.545455  
23.648000  ,  4.545455,  4.545455  
23.680000  ,  4.545455,  4.545455  
23.712000  ,  4.545455,  4.545455  
23.744000  ,  4.545455,  4.545455  
23.776000  ,  4.545455,  4.545455  
23.808000  ,  4.545455,  4.545455  
23.840000  ,  4.545455,  4.545455  
23.872000  ,  4.545455,  4.545455  
23.904000  ,  4.545455,  4.545455  
23.936000  ,  4.545455,  4.545455  
23.968000  ,  4.545455,  4.545455  
24.000000  ,  4.545455,  4.545455  
24.032000  ,  4.545455,  4.545455  
24.064000  ,  4.545455,  4.545455  
24.096000  ,  4.545455,  4.545455  
24.128000  ,  4.545455,  4.545455  
24.160000  ,  4.545455,  4.545455  
24.192000  ,  4.545455,  4.545455  
24.224000  ,  4.545455,  4.545455  
24.256000  ,  4.545455,  4.545455  
24.288000  ,  4.545455,  4.545455  
24.320000  ,  4.545455,  4.545455  
24.352000  ,  4.545455,  4.545455  
24.384000  ,  4.545455,  4.545455  
24.416000  ,  4.545455,  4.545455  
24.448000  ,  4.545455,  4.545455  
24.480000  ,  4.545455,  4.545455  
24.512000  ,  4.545455,  4.545455  
24.544000  ,  4.545455,  4.545455  
24.576000  ,  4.545455,  4.545455  
24.608000  ,  4.545455,  4.545455  
24.640000  ,  4.545455,  4.545455  
24.672000  ,  4.545455,  4.545455  
24.704000  ,  4.545455,  4.545455  
24.736000  ,  4.545455,  4.545455  
24.768000  ,  4.545455,  4.545455  
24.800000  ,  4.545455,  4.545455  
24.832000  ,  4.545455,  4.545455  
24.864000  ,  4.545455,  4.545455  
24.896000  ,  4.545455,  4.545455  
24.928000  ,  4.545455,  4.545455  
24.960000  ,  4.545455,  4.545455  
24.992000  ,  4.545455,  4.545455  
25.024000  ,  4.545455,  4.545455  
25.056000  ,  4.545455,  4.545455  
25.088000  ,  4.545455,  4.545455  
25.120000  ,  4.545455,  4.545455  
25.152000  ,  4.545455,  4.545455  
25.184000  ,  4.545455,  4.545455  
25.216000  ,  4.545455,  4.545455  
25.248000  ,  4.545455,  4.545455  
25.280000  ,  4.545455,  4.545455  
25.312000  ,  4.545455,  4.545455  
25.344000  ,  4.545455,  4.545455  
25.376000  ,  4.545455,  4.545455  
25.408000  ,  4.545455,  4.545455  
25.440000  ,  4.545455,  4.545455  
25.472000  ,  4.545455,  4.545455  
25.504000  ,  4.545455,  4.545455  
25.536000  ,  4.545455,  4.545455  
25.568000  ,  4.545455,  4.545455  
25.600000  ,  4.545455,  4.545455  
25.632000  ,  4.545455,  4.545455  
25.664000  ,  4.545455,  4.545455  
25.696000  ,  4.545455,  4.545455  
25.728000  ,  4.545455,  4.545455  
25.760000  ,  4.545455,  4.545455  
25.792000  ,  4.545455,  4.545455  
25.824000  ,  4.545455,  4.545455  
25.856000  ,  4.545455,  4.545455  
25.888000  ,  4.545455,  4.545455  
25.920000  ,  4.545455,  4.545455  
25.952000  ,  4.545455,  4.545455  
25.984000  ,  4.545455,  4.545455  
26.016000  ,  4.545455,  4.545455  
26.048000  ,  4.545455,  4.545455  
26.080000  ,  4.545455,  4.545455  
26.112000  ,  4.545455,  4.545455  
26.144000  ,  4.545455,  4.545455  
26.176000  ,  4.545455,  4.545455  
26.208000  ,  4.545455,  4.545455  
26.240000  ,  4.545455,  4.545455  
26.272000  ,  4.545455,  4.545455  
26.304000  ,  4.545455,  4.545455  
26.336000  ,  4.545455,  4.545455  
26.368000  ,  4.545455,  4.545455  
26.400000  ,  4.545455,  4.545455  
26.432000  ,  4.545455,  4.545455  
26.464000  ,  4.545455,  4.545455  
26.496000  ,  4.545455,  4.545455  
26.528000  ,  4.545455,  4.545455  
26.560000  ,  4.545455,  4.545455  
26.592000  ,  4.545455,  4.545455  
26.624000  ,  4.545455,  4.545455  
26.656000  ,  4.545455,  4.545455  
26.688000  ,  4.545455,  4.545455  
26.720000  ,  4.545455,  4.545455  
26.752000  ,  4.545455,  4.545455  
26.784000  ,  4.545455,  4.545455  
26.816000  ,  4.545455,  4.545455  
26.848000  ,  4.545455,  4.545455  
26.880000  ,  4.545455,  4.545455  
26.912000  ,  4.545455,  4.545455  
26.944000  ,  4.545455,  4.545455  
26.976000  ,  4.545455,  4.545455  
27.008000  ,  4.545455,  4.545455  
27.040000  ,  4.545455,  4.545455  
27.072000  ,  4.545455,  4.545455  
27.104000  ,  4.545455,  4.545455  
27.136000  ,  4.545455,  4.545455  
27.168000  ,  4.545455,  4.545455  
27.200000  ,  4.545455,  4.545455  
27.232000  ,  4.545455,  4.545455  
27.264000  ,  4.545455,  4.545455  
27.296000  ,  4.545455,  4.545455  
27.328000  ,  4.545455,  4.545455  
27.360000  ,  4.545455,  4.545455  
27.392000  ,  4.545455,  4.545455  
27.424000  ,  4.545455,  4.545455  
27.456000  ,  4.545455,  4.545455  
27.488000  ,  4.545455,  4.545455  
27.520000  ,  4.545455,  4.545455  
27.552000  ,  4.545455,  4.545455  
27.584000  ,  4.545455,  4.545455  
27.616000  ,  4.545455,  4.545455  
27.648000  ,  4.545455,  4.545455  
27.680000  ,  4.545455,  4.545455  
27.712000  ,  4.545455,  4.545455  
27.744000  ,  4.545455,  4.545455  
27.776000  ,  4.545455,  4.545455  
27.808000  ,  4.545455,  4.545455  
27.840000  ,  4.545455,  4.545455  
27.872000  ,  4.545455,  4.545455  
27.904000  ,  4.545455,  4.545455  
27.936000  ,  4.545455,  4.545455  
27.968000  ,  4.545455,  4.545455  
28.000000  ,  4.545455,  4.545455  
28.032000  ,  4.545455,  4.545455  
28.064000  ,  4.545455,  4.545455  
28.096000  ,  4.545455,  4.545455  
28.128000  ,  4.545455,  4.545455  
28.160000  ,  4.545455,  4.545455  
28.192000  ,  4.545455,  4.545455  
28.224000  ,  4.545455,  4.545455  
28.256000  ,  4.545455,  4.545455  
28.288000  ,  4.545455,  4.545455  
28.320000  ,  4.545455,  4.545455  
28.352000  ,  4.545455,  4.545455  
28.384000  ,  4.545455,  4.545455  
28.416000  ,  4.545455,  4.545455  
28.448000  ,  4.545455,  4.545455  
28.480000  ,  4.545455,  4.545455  
28.512000  ,  4.545455,  4.545455  
28.544000  ,  4.545455,  4.545455  
28.576000  ,  4.545455,  4.545455  
28.608000  ,  4.545455,  4.545455  
28.640000  ,  4.545455,  4.545455  
28.672000  ,  4.545455,  4.545455  
28.704000  ,  4.545455,  4.545455  
28.736000  ,  4.545455,  4.545455  
28.768000  ,  4.545455,  4.545455  
28.800000  ,  4.545455,  4.545455  
28.832000  ,  4.545455,  4.545455  
28.864000  ,  4.545455,  4.545455  
28.896000  ,  4.545455,  4.545455  
28.928000  ,  4.545455,  4.545455  
28.960000  ,  4.545455,  4.545455  
28.992000  ,  4.545455,  4.545455  
29.024000  ,  4.545455,  4.545455  
29.056000  ,  4.545455,  4.545455  
29.088000  ,  4.545455,  4.545455  
29.120000  ,  4.545455,  4.545455  
29.152000  ,  4.545455,  4.545455  
29.184000  ,  4.545455,  4.545455  
29.216000  ,  4.545455,  4.545455  
29.248000  ,  4.545455,  4.545455  
29.280000  ,  4.545455,  4.545455  
29.312000  ,  4.545455,  4.545455  
29.344000  ,  4.545455,  4.545455  
29.376000  ,  4.545455,  4.545455  
29.408000  ,  4.545455,  4.545455  
29.440000  ,  4.545455,  4.545455  
29.472000  ,  4.545455,  4.545455  
29.504000  ,  4.545455,  4.545455  
29.536000  ,  4.545455,  4.545455  
29.568000  ,  4.545455,  4.545455  
29.600000  ,  4.545455,  4.545455  
29.632000  ,  4.545455,  4.545455  
29.664000  ,  4.545455,  4.545455  
29.696000  ,  4.545455,  4.545455  
29.728000  ,  4.545455,  4.545455  
29.760000  ,  4.545455,  4.545455  
29.792000  ,  4.545455,  4.545455  
29.824000  ,  4.545455,  4.545455  
29.856000  ,  4.545455,  4.545455  
29.888000  ,  4.545455,  4.545455  
29.920000  ,  4.545455,  4.545455  
29.952000  ,  4.545455,  4.545455  
29.984000  ,  4.545455,  4.545455  
