time  , ex  , ey  , ealpha  , evx ,  evy , eomega  
0.000000  ,  -0.009860,  0.488686,  -0.776779,  -0.454569,  0.000000,  0.269363
0.032000  ,  -0.018397,  0.477397,  -0.761648,  -0.413232,  0.000000,  0.472822
0.064000  ,  -0.025745,  0.466177,  -0.741805,  -0.376043,  0.000000,  0.620103
0.096000  ,  -0.032036,  0.455082,  -0.718760,  -0.342869,  0.000000,  0.720143
0.128000  ,  -0.037395,  0.444166,  -0.693764,  -0.313516,  0.000000,  0.781132
0.160000  ,  -0.041946,  0.433474,  -0.667828,  -0.287763,  0.000000,  0.810503
0.192000  ,  -0.045803,  0.423041,  -0.641751,  -0.265373,  0.000000,  0.814896
0.224000  ,  -0.049076,  0.412890,  -0.616147,  -0.246092,  0.000000,  0.800142
0.256000  ,  -0.051861,  0.403034,  -0.591466,  -0.229644,  0.000000,  0.771274
0.288000  ,  -0.054249,  0.393473,  -0.568025,  -0.215735,  0.000000,  0.732545
0.320000  ,  -0.056316,  0.384202,  -0.546025,  -0.204060,  0.000000,  0.687475
0.352000  ,  -0.058126,  0.375207,  -0.525581,  -0.194310,  0.000000,  0.638903
0.384000  ,  -0.059735,  0.366474,  -0.506730,  -0.186185,  0.000000,  0.589064
0.416000  ,  -0.061185,  0.357982,  -0.489461,  -0.179400,  0.000000,  0.539655
0.448000  ,  -0.062511,  0.349713,  -0.473720,  -0.173692,  0.000000,  0.491923
0.480000  ,  -0.063738,  0.341649,  -0.459425,  -0.168827,  0.000000,  0.446732
0.512000  ,  -0.064884,  0.333773,  -0.446476,  -0.164601,  0.000000,  0.404645
0.544000  ,  -0.065962,  0.326067,  -0.434765,  -0.160839,  0.000000,  0.365981
0.576000  ,  -0.066979,  0.318519,  -0.424176,  -0.157399,  0.000000,  0.330877
0.608000  ,  -0.067940,  0.311117,  -0.414598,  -0.154163,  0.000000,  0.299331
0.640000  ,  -0.068846,  0.303850,  -0.405918,  -0.151040,  0.000000,  0.271248
0.672000  ,  -0.069696,  0.296709,  -0.398031,  -0.147960,  0.000000,  0.246463
0.704000  ,  -0.070488,  0.289688,  -0.390838,  -0.144873,  0.000000,  0.224770
0.736000  ,  -0.071218,  0.282781,  -0.384248,  -0.141744,  0.000000,  0.205940
0.768000  ,  -0.071884,  0.275984,  -0.378177,  -0.138550,  0.000000,  0.189735
0.800000  ,  -0.072481,  0.269293,  -0.372548,  -0.135279,  0.000000,  0.175915
0.832000  ,  -0.073006,  0.262705,  -0.367292,  -0.131929,  0.000000,  0.164250
0.864000  ,  -0.073456,  0.256218,  -0.362347,  -0.128501,  0.000000,  0.154518
0.896000  ,  -0.073827,  0.249831,  -0.357659,  -0.125005,  0.000000,  0.146513
0.928000  ,  -0.074119,  0.243542,  -0.353177,  -0.121450,  0.000000,  0.140043
0.960000  ,  -0.074328,  0.237351,  -0.348859,  -0.117851,  0.000000,  0.134934
0.992000  ,  -0.074455,  0.231256,  -0.344667,  -0.114222,  0.000000,  0.131024
1.024000  ,  -0.074498,  0.225259,  -0.340565,  -0.110578,  0.000000,  0.128167
1.056000  ,  -0.074458,  0.219358,  -0.336526,  -0.106934,  0.000000,  0.126231
1.088000  ,  -0.074335,  0.213552,  -0.332523,  -0.103306,  0.000000,  0.125097
1.120000  ,  -0.074130,  0.207844,  -0.328534,  -0.099707,  0.000000,  0.124656
1.152000  ,  -0.073846,  0.202231,  -0.324540,  -0.096151,  0.000000,  0.124809
1.184000  ,  -0.073485,  0.196714,  -0.320525,  -0.092649,  0.000000,  0.125468
1.216000  ,  -0.073048,  0.191293,  -0.316475,  -0.089213,  0.000000,  0.126553
1.248000  ,  -0.072540,  0.185969,  -0.312380,  -0.085850,  0.000000,  0.127988
1.280000  ,  -0.071962,  0.180741,  -0.308229,  -0.082571,  0.000000,  0.129709
1.312000  ,  -0.071320,  0.175609,  -0.304016,  -0.079380,  0.000000,  0.131652
1.344000  ,  -0.070615,  0.170573,  -0.299736,  -0.076283,  0.000000,  0.133764
1.376000  ,  -0.069853,  0.165633,  -0.295384,  -0.073284,  0.000000,  0.135993
1.408000  ,  -0.069037,  0.160790,  -0.290959,  -0.070387,  0.000000,  0.138292
1.440000  ,  -0.068171,  0.156042,  -0.286459,  -0.067592,  0.000000,  0.140619
1.472000  ,  -0.067259,  0.151391,  -0.281885,  -0.064900,  0.000000,  0.142937
1.504000  ,  -0.066304,  0.146835,  -0.277238,  -0.062312,  0.000000,  0.145210
1.536000  ,  -0.065312,  0.142375,  -0.272521,  -0.059827,  0.000000,  0.147408
1.568000  ,  -0.064286,  0.138010,  -0.267737,  -0.057443,  0.000000,  0.149502
1.600000  ,  -0.063230,  0.133740,  -0.262890,  -0.055158,  0.000000,  0.151467
1.632000  ,  -0.062148,  0.129566,  -0.257985,  -0.052970,  0.000000,  0.153283
1.664000  ,  -0.061042,  0.125485,  -0.253027,  -0.050875,  0.000000,  0.154930
1.696000  ,  -0.059918,  0.121499,  -0.248023,  -0.048870,  0.000000,  0.156392
1.728000  ,  -0.058777,  0.117607,  -0.242978,  -0.046953,  0.000000,  0.157656
1.760000  ,  -0.057624,  0.113807,  -0.237899,  -0.045119,  0.000000,  0.158712
1.792000  ,  -0.056462,  0.110100,  -0.232793,  -0.043364,  0.000000,  0.159551
1.824000  ,  -0.055292,  0.106484,  -0.227668,  -0.041684,  0.000000,  0.160167
1.856000  ,  -0.054119,  0.102960,  -0.222530,  -0.040077,  0.000000,  0.160556
1.888000  ,  -0.052944,  0.099526,  -0.217387,  -0.038537,  0.000000,  0.160717
1.920000  ,  -0.051769,  0.096182,  -0.212246,  -0.037061,  0.000000,  0.160651
1.952000  ,  -0.050598,  0.092926,  -0.207115,  -0.035646,  0.000000,  0.160358
1.984000  ,  -0.049432,  0.089758,  -0.202000,  -0.034289,  0.000000,  0.159843
2.016000  ,  -0.048274,  0.086677,  -0.196908,  -0.032984,  0.000000,  0.159111
2.048000  ,  -0.047123,  0.083681,  -0.191847,  -0.031731,  0.000000,  0.158168
2.080000  ,  -0.045983,  0.080770,  -0.186822,  -0.030525,  0.000000,  0.157022
2.112000  ,  -0.044855,  0.077942,  -0.181840,  -0.029364,  0.000000,  0.155682
2.144000  ,  -0.043740,  0.075197,  -0.176907,  -0.028244,  0.000000,  0.154156
2.176000  ,  -0.042639,  0.072532,  -0.172029,  -0.027165,  0.000000,  0.152455
2.208000  ,  -0.041553,  0.069947,  -0.167210,  -0.026122,  0.000000,  0.150590
2.240000  ,  -0.040482,  0.067441,  -0.162456,  -0.025115,  0.000000,  0.148572
2.272000  ,  -0.039429,  0.065011,  -0.157770,  -0.024142,  0.000000,  0.146413
2.304000  ,  -0.038393,  0.062657,  -0.153158,  -0.023200,  0.000000,  0.144124
2.336000  ,  -0.037374,  0.060377,  -0.148623,  -0.022287,  0.000000,  0.141718
2.368000  ,  -0.036375,  0.058170,  -0.144169,  -0.021404,  0.000000,  0.139206
2.400000  ,  -0.035393,  0.056034,  -0.139798,  -0.020548,  0.000000,  0.136600
2.432000  ,  -0.034431,  0.053967,  -0.135512,  -0.019718,  0.000000,  0.133912
2.464000  ,  -0.033488,  0.051969,  -0.131315,  -0.018913,  0.000000,  0.131154
2.496000  ,  -0.032565,  0.050037,  -0.127209,  -0.018132,  0.000000,  0.128335
2.528000  ,  -0.031661,  0.048170,  -0.123194,  -0.017375,  0.000000,  0.125468
2.560000  ,  -0.030776,  0.046367,  -0.119272,  -0.016640,  0.000000,  0.122562
2.592000  ,  -0.029911,  0.044625,  -0.115444,  -0.015927,  0.000000,  0.119627
2.624000  ,  -0.029065,  0.042944,  -0.111710,  -0.015236,  0.000000,  0.116673
2.656000  ,  -0.028239,  0.041321,  -0.108072,  -0.014566,  0.000000,  0.113709
2.688000  ,  -0.027432,  0.039756,  -0.104528,  -0.013916,  0.000000,  0.110742
2.720000  ,  -0.026643,  0.038246,  -0.101079,  -0.013287,  0.000000,  0.107780
2.752000  ,  -0.025874,  0.036790,  -0.097724,  -0.012677,  0.000000,  0.104832
2.784000  ,  -0.025123,  0.035387,  -0.094463,  -0.012086,  0.000000,  0.101902
2.816000  ,  -0.024390,  0.034035,  -0.091295,  -0.011515,  0.000000,  0.098999
2.848000  ,  -0.023675,  0.032732,  -0.088219,  -0.010962,  0.000000,  0.096126
2.880000  ,  -0.022978,  0.031477,  -0.085234,  -0.010428,  0.000000,  0.093289
2.912000  ,  -0.022299,  0.030268,  -0.082338,  -0.009912,  0.000000,  0.090492
2.944000  ,  -0.021636,  0.029105,  -0.079531,  -0.009414,  0.000000,  0.087740
2.976000  ,  -0.020991,  0.027984,  -0.076810,  -0.008934,  0.000000,  0.085036
3.008000  ,  -0.020362,  0.026907,  -0.074173,  -0.008472,  0.000000,  0.082383
3.040000  ,  -0.019749,  0.025869,  -0.071620,  -0.008026,  0.000000,  0.079783
3.072000  ,  -0.019152,  0.024872,  -0.069149,  -0.007598,  0.000000,  0.077239
3.104000  ,  -0.018571,  0.023912,  -0.066757,  -0.007186,  0.000000,  0.074752
3.136000  ,  -0.018005,  0.022989,  -0.064442,  -0.006791,  0.000000,  0.072324
3.168000  ,  -0.017454,  0.022101,  -0.062204,  -0.006411,  0.000000,  0.069956
3.200000  ,  -0.016918,  0.021248,  -0.060039,  -0.006048,  0.000000,  0.067649
3.232000  ,  -0.016396,  0.020428,  -0.057946,  -0.005700,  0.000000,  0.065402
3.264000  ,  -0.015888,  0.019640,  -0.055923,  -0.005367,  0.000000,  0.063218
3.296000  ,  -0.015394,  0.018882,  -0.053968,  -0.005049,  0.000000,  0.061094
3.328000  ,  -0.014913,  0.018154,  -0.052079,  -0.004745,  0.000000,  0.059032
3.360000  ,  -0.014445,  0.017454,  -0.050254,  -0.004456,  0.000000,  0.057031
3.392000  ,  -0.013991,  0.016782,  -0.048491,  -0.004180,  0.000000,  0.055089
3.424000  ,  -0.013548,  0.016136,  -0.046788,  -0.003918,  0.000000,  0.053207
3.456000  ,  -0.013118,  0.015515,  -0.045144,  -0.003668,  0.000000,  0.051383
3.488000  ,  -0.012700,  0.014919,  -0.043556,  -0.003432,  0.000000,  0.049617
3.520000  ,  -0.012294,  0.014346,  -0.042023,  -0.003207,  0.000000,  0.047908
3.552000  ,  -0.011899,  0.013796,  -0.040543,  -0.002994,  0.000000,  0.046253
3.584000  ,  -0.011516,  0.013268,  -0.039114,  -0.002793,  0.000000,  0.044653
3.616000  ,  -0.011143,  0.012760,  -0.037735,  -0.002602,  0.000000,  0.043106
3.648000  ,  -0.010781,  0.012272,  -0.036404,  -0.002422,  0.000000,  0.041609
3.680000  ,  -0.010430,  0.011804,  -0.035118,  -0.002253,  0.000000,  0.040163
3.712000  ,  -0.010088,  0.011354,  -0.033878,  -0.002093,  0.000000,  0.038766
3.744000  ,  -0.009757,  0.010922,  -0.032680,  -0.001942,  0.000000,  0.037416
3.776000  ,  -0.009436,  0.010507,  -0.031525,  -0.001801,  0.000000,  0.036112
3.808000  ,  -0.009123,  0.010108,  -0.030410,  -0.001668,  0.000000,  0.034852
3.840000  ,  -0.008821,  0.009725,  -0.029333,  -0.001543,  0.000000,  0.033636
3.872000  ,  -0.008527,  0.009357,  -0.028295,  -0.001427,  0.000000,  0.032461
3.904000  ,  -0.008242,  0.009004,  -0.027292,  -0.001317,  0.000000,  0.031327
3.936000  ,  -0.007966,  0.008664,  -0.026325,  -0.001215,  0.000000,  0.030232
3.968000  ,  -0.007698,  0.008337,  -0.025391,  -0.001120,  0.000000,  0.029174
4.000000  ,  -0.007438,  0.008024,  -0.024490,  -0.001031,  0.000000,  0.028154
4.032000  ,  -0.007187,  0.007723,  -0.023621,  -0.000948,  0.000000,  0.027168
4.064000  ,  -0.006943,  0.007433,  -0.022782,  -0.000871,  0.000000,  0.026217
4.096000  ,  -0.006706,  0.007155,  -0.021972,  -0.000799,  0.000000,  0.025299
4.128000  ,  -0.006477,  0.006887,  -0.021191,  -0.000732,  0.000000,  0.024412
4.160000  ,  -0.006256,  0.006630,  -0.020437,  -0.000671,  0.000000,  0.023557
4.192000  ,  -0.006041,  0.006383,  -0.019710,  -0.000613,  0.000000,  0.022730
4.224000  ,  -0.005833,  0.006145,  -0.019008,  -0.000560,  0.000000,  0.021933
4.256000  ,  -0.005632,  0.005917,  -0.018331,  -0.000512,  0.000000,  0.021163
4.288000  ,  -0.005437,  0.005697,  -0.017677,  -0.000466,  0.000000,  0.020420
4.320000  ,  -0.005249,  0.005486,  -0.017047,  -0.000425,  0.000000,  0.019702
4.352000  ,  -0.005066,  0.005283,  -0.016439,  -0.000387,  0.000000,  0.019009
4.384000  ,  -0.004890,  0.005088,  -0.015852,  -0.000352,  0.000000,  0.018340
4.416000  ,  -0.004720,  0.004900,  -0.015286,  -0.000319,  0.000000,  0.017695
4.448000  ,  -0.004555,  0.004719,  -0.014739,  -0.000290,  0.000000,  0.017071
4.480000  ,  -0.004395,  0.004545,  -0.014212,  -0.000262,  0.000000,  0.016469
4.512000  ,  -0.004241,  0.004378,  -0.013704,  -0.000238,  0.000000,  0.015888
4.544000  ,  -0.004092,  0.004217,  -0.013213,  -0.000215,  0.000000,  0.015327
4.576000  ,  -0.003948,  0.004062,  -0.012740,  -0.000194,  0.000000,  0.014786
4.608000  ,  -0.003809,  0.003913,  -0.012284,  -0.000176,  0.000000,  0.014263
4.640000  ,  -0.003674,  0.003770,  -0.011843,  -0.000158,  0.000000,  0.013758
4.672000  ,  -0.003544,  0.003632,  -0.011419,  -0.000143,  0.000000,  0.013271
4.704000  ,  -0.003419,  0.003499,  -0.011009,  -0.000129,  0.000000,  0.012800
4.736000  ,  -0.003298,  0.003371,  -0.010614,  -0.000116,  0.000000,  0.012346
4.768000  ,  -0.003180,  0.003248,  -0.010233,  -0.000104,  0.000000,  0.011908
4.800000  ,  -0.003067,  0.003130,  -0.009866,  -0.000094,  0.000000,  0.011485
4.832000  ,  -0.002958,  0.003016,  -0.009511,  -0.000085,  0.000000,  0.011076
4.864000  ,  -0.002853,  0.002906,  -0.009169,  -0.000076,  0.000000,  0.010682
4.896000  ,  -0.002751,  0.002800,  -0.008840,  -0.000068,  0.000000,  0.010302
4.928000  ,  -0.002653,  0.002698,  -0.008522,  -0.000062,  0.000000,  0.009934
4.960000  ,  -0.002558,  0.002600,  -0.008215,  -0.000055,  0.000000,  0.009580
4.992000  ,  -0.002467,  0.002506,  -0.007920,  -0.000050,  0.000000,  0.009238
5.024000  ,  -0.002379,  0.002415,  -0.007635,  -0.000045,  0.000000,  0.008908
5.056000  ,  -0.002294,  0.002327,  -0.007360,  -0.000041,  0.000000,  0.008589
5.088000  ,  -0.002211,  0.002243,  -0.007095,  -0.000037,  0.000000,  0.008282
5.120000  ,  -0.002132,  0.002161,  -0.006839,  -0.000033,  0.000000,  0.007985
5.152000  ,  -0.002056,  0.002083,  -0.006593,  -0.000030,  0.000000,  0.007699
5.184000  ,  -0.001982,  0.002008,  -0.006355,  -0.000027,  0.000000,  0.007423
5.216000  ,  -0.001911,  0.001935,  -0.006126,  -0.000025,  0.000000,  0.007156
5.248000  ,  -0.001842,  0.001865,  -0.005905,  -0.000023,  0.000000,  0.006900
5.280000  ,  -0.001776,  0.001797,  -0.005693,  -0.000021,  0.000000,  0.006652
5.312000  ,  -0.001712,  0.001732,  -0.005487,  -0.000019,  0.000000,  0.006413
5.344000  ,  -0.001651,  0.001670,  -0.005290,  -0.000018,  0.000000,  0.006182
5.376000  ,  -0.001592,  0.001609,  -0.005099,  -0.000016,  0.000000,  0.005960
5.408000  ,  -0.001534,  0.001551,  -0.004915,  -0.000015,  0.000000,  0.005745
5.440000  ,  -0.001479,  0.001495,  -0.004738,  -0.000014,  0.000000,  0.005538
5.472000  ,  -0.001426,  0.001441,  -0.004567,  -0.000013,  0.000000,  0.005339
5.504000  ,  -0.001375,  0.001389,  -0.004402,  -0.000012,  0.000000,  0.005147
5.536000  ,  -0.001325,  0.001339,  -0.004244,  -0.000012,  0.000000,  0.004961
5.568000  ,  -0.001278,  0.001291,  -0.004090,  -0.000011,  0.000000,  0.004782
5.600000  ,  -0.001232,  0.001244,  -0.003943,  -0.000010,  0.000000,  0.004610
5.632000  ,  -0.001188,  0.001199,  -0.003801,  -0.000010,  0.000000,  0.004444
5.664000  ,  -0.001145,  0.001156,  -0.003664,  -0.000009,  0.000000,  0.004283
5.696000  ,  -0.001104,  0.001114,  -0.003532,  -0.000009,  0.000000,  0.004129
5.728000  ,  -0.001064,  0.001074,  -0.003404,  -0.000008,  0.000000,  0.003980
5.760000  ,  -0.001026,  0.001035,  -0.003281,  -0.000008,  0.000000,  0.003836
5.792000  ,  -0.000989,  0.000998,  -0.003163,  -0.000008,  0.000000,  0.003698
5.824000  ,  -0.000953,  0.000962,  -0.003049,  -0.000007,  0.000000,  0.003564
5.856000  ,  -0.000919,  0.000927,  -0.002939,  -0.000007,  0.000000,  0.003435
5.888000  ,  -0.000886,  0.000894,  -0.002833,  -0.000007,  0.000000,  0.003311
5.920000  ,  -0.000854,  0.000861,  -0.002731,  -0.000007,  0.000000,  0.003192
5.952000  ,  -0.000823,  0.000830,  -0.002633,  -0.000006,  0.000000,  0.003077
5.984000  ,  -0.000794,  0.000800,  -0.002538,  -0.000006,  0.000000,  0.002966
6.016000  ,  -0.000765,  0.000771,  -0.002446,  -0.000006,  0.000000,  0.002859
6.048000  ,  -0.000738,  0.000744,  -0.002358,  -0.000006,  0.000000,  0.002755
6.080000  ,  -0.000711,  0.000717,  -0.002273,  -0.000006,  0.000000,  0.002656
6.112000  ,  -0.000686,  0.000691,  -0.002191,  -0.000005,  0.000000,  0.002560
6.144000  ,  -0.000661,  0.000666,  -0.002112,  -0.000005,  0.000000,  0.002468
6.176000  ,  -0.000637,  0.000642,  -0.002036,  -0.000005,  0.000000,  0.002379
6.208000  ,  -0.000614,  0.000619,  -0.001963,  -0.000005,  0.000000,  0.002293
6.240000  ,  -0.000592,  0.000596,  -0.001892,  -0.000005,  0.000000,  0.002210
6.272000  ,  -0.000571,  0.000575,  -0.001824,  -0.000004,  0.000000,  0.002130
6.304000  ,  -0.000550,  0.000554,  -0.001758,  -0.000004,  0.000000,  0.002053
6.336000  ,  -0.000531,  0.000534,  -0.001695,  -0.000004,  0.000000,  0.001979
6.368000  ,  -0.000512,  0.000515,  -0.001634,  -0.000004,  0.000000,  0.001908
6.400000  ,  -0.000493,  0.000496,  -0.001575,  -0.000004,  0.000000,  0.001839
6.432000  ,  -0.000475,  0.000478,  -0.001518,  -0.000004,  0.000000,  0.001773
6.464000  ,  -0.000458,  0.000461,  -0.001463,  -0.000003,  0.000000,  0.001709
6.496000  ,  -0.000442,  0.000444,  -0.001411,  -0.000003,  0.000000,  0.001647
6.528000  ,  -0.000426,  0.000428,  -0.001360,  -0.000003,  0.000000,  0.001588
6.560000  ,  -0.000411,  0.000413,  -0.001311,  -0.000003,  0.000000,  0.001531
6.592000  ,  -0.000396,  0.000398,  -0.001264,  -0.000003,  0.000000,  0.001476
6.624000  ,  -0.000382,  0.000384,  -0.001218,  -0.000003,  0.000000,  0.001422
6.656000  ,  -0.000368,  0.000370,  -0.001174,  -0.000003,  0.000000,  0.001371
6.688000  ,  -0.000355,  0.000356,  -0.001132,  -0.000002,  0.000000,  0.001322
6.720000  ,  -0.000342,  0.000344,  -0.001091,  -0.000002,  0.000000,  0.001274
6.752000  ,  -0.000330,  0.000331,  -0.001052,  -0.000002,  0.000000,  0.001228
6.784000  ,  -0.000318,  0.000319,  -0.001014,  -0.000002,  0.000000,  0.001184
6.816000  ,  -0.000306,  0.000308,  -0.000978,  -0.000002,  0.000000,  0.001141
6.848000  ,  -0.000295,  0.000297,  -0.000942,  -0.000002,  0.000000,  0.001100
6.880000  ,  -0.000285,  0.000286,  -0.000908,  -0.000002,  0.000000,  0.001061
6.912000  ,  -0.000275,  0.000276,  -0.000876,  -0.000002,  0.000000,  0.001022
6.944000  ,  -0.000265,  0.000266,  -0.000844,  -0.000001,  0.000000,  0.000986
6.976000  ,  -0.000255,  0.000256,  -0.000814,  -0.000001,  0.000000,  0.000950
7.008000  ,  -0.000246,  0.000247,  -0.000784,  -0.000001,  0.000000,  0.000916
7.040000  ,  -0.000237,  0.000238,  -0.000756,  -0.000001,  0.000000,  0.000883
7.072000  ,  -0.000229,  0.000229,  -0.000729,  -0.000001,  0.000000,  0.000851
7.104000  ,  -0.000220,  0.000221,  -0.000703,  -0.000001,  0.000000,  0.000820
7.136000  ,  -0.000212,  0.000213,  -0.000677,  -0.000001,  0.000000,  0.000791
7.168000  ,  -0.000205,  0.000205,  -0.000653,  -0.000001,  0.000000,  0.000762
7.200000  ,  -0.000197,  0.000198,  -0.000629,  -0.000001,  0.000000,  0.000735
7.232000  ,  -0.000190,  0.000191,  -0.000607,  -0.000001,  0.000000,  0.000708
7.264000  ,  -0.000184,  0.000184,  -0.000585,  -0.000001,  0.000000,  0.000683
7.296000  ,  -0.000177,  0.000177,  -0.000564,  -0.000001,  0.000000,  0.000658
7.328000  ,  -0.000171,  0.000171,  -0.000544,  -0.000001,  0.000000,  0.000635
7.360000  ,  -0.000164,  0.000165,  -0.000524,  -0.000001,  0.000000,  0.000612
7.392000  ,  -0.000159,  0.000159,  -0.000505,  -0.000001,  0.000000,  0.000590
7.424000  ,  -0.000153,  0.000153,  -0.000487,  -0.000000,  0.000000,  0.000569
7.456000  ,  -0.000147,  0.000148,  -0.000469,  -0.000000,  0.000000,  0.000548
7.488000  ,  -0.000142,  0.000142,  -0.000452,  -0.000000,  0.000000,  0.000528
7.520000  ,  -0.000137,  0.000137,  -0.000436,  -0.000000,  0.000000,  0.000509
7.552000  ,  -0.000132,  0.000132,  -0.000420,  -0.000000,  0.000000,  0.000491
7.584000  ,  -0.000127,  0.000127,  -0.000405,  -0.000000,  0.000000,  0.000473
7.616000  ,  -0.000123,  0.000123,  -0.000391,  -0.000000,  0.000000,  0.000456
7.648000  ,  -0.000118,  0.000118,  -0.000377,  -0.000000,  0.000000,  0.000440
7.680000  ,  -0.000114,  0.000114,  -0.000363,  -0.000000,  0.000000,  0.000424
7.712000  ,  -0.000110,  0.000110,  -0.000350,  -0.000000,  0.000000,  0.000409
7.744000  ,  -0.000106,  0.000106,  -0.000337,  -0.000000,  0.000000,  0.000394
7.776000  ,  -0.000102,  0.000102,  -0.000325,  -0.000000,  0.000000,  0.000380
7.808000  ,  -0.000098,  0.000099,  -0.000314,  -0.000000,  0.000000,  0.000366
7.840000  ,  -0.000095,  0.000095,  -0.000302,  -0.000000,  0.000000,  0.000353
7.872000  ,  -0.000091,  0.000092,  -0.000291,  -0.000000,  0.000000,  0.000340
7.904000  ,  -0.000088,  0.000088,  -0.000281,  -0.000000,  0.000000,  0.000328
7.936000  ,  -0.000085,  0.000085,  -0.000271,  -0.000000,  0.000000,  0.000316
7.968000  ,  -0.000082,  0.000082,  -0.000261,  -0.000000,  0.000000,  0.000305
8.000000  ,  -0.000079,  0.000079,  -0.000252,  -0.000000,  0.000000,  0.000294
8.032000  ,  -0.000076,  0.000076,  -0.000243,  -0.000000,  0.000000,  0.000283
8.064000  ,  -0.000073,  0.000073,  -0.000234,  -0.000000,  0.000000,  0.000273
8.096000  ,  -0.000071,  0.000071,  -0.000225,  -0.000000,  0.000000,  0.000263
8.128000  ,  -0.000068,  0.000068,  -0.000217,  -0.000000,  0.000000,  0.000254
8.160000  ,  -0.000066,  0.000066,  -0.000209,  -0.000000,  0.000000,  0.000245
8.192000  ,  -0.000063,  0.000063,  -0.000202,  -0.000000,  0.000000,  0.000236
8.224000  ,  -0.000061,  0.000061,  -0.000195,  -0.000000,  0.000000,  0.000227
8.256000  ,  -0.000059,  0.000059,  -0.000188,  -0.000000,  0.000000,  0.000219
8.288000  ,  -0.000057,  0.000057,  -0.000181,  -0.000000,  0.000000,  0.000211
8.320000  ,  -0.000055,  0.000055,  -0.000174,  -0.000000,  0.000000,  0.000204
8.352000  ,  -0.000053,  0.000053,  -0.000168,  -0.000000,  0.000000,  0.000196
8.384000  ,  -0.000051,  0.000051,  -0.000162,  -0.000000,  0.000000,  0.000189
8.416000  ,  -0.000049,  0.000049,  -0.000156,  -0.000000,  0.000000,  0.000182
8.448000  ,  -0.000047,  0.000047,  -0.000151,  -0.000000,  0.000000,  0.000176
8.480000  ,  -0.000046,  0.000046,  -0.000145,  -0.000000,  0.000000,  0.000169
8.512000  ,  -0.000044,  0.000044,  -0.000140,  -0.000000,  0.000000,  0.000163
8.544000  ,  -0.000042,  0.000042,  -0.000135,  -0.000000,  0.000000,  0.000157
8.576000  ,  -0.000041,  0.000041,  -0.000130,  -0.000000,  0.000000,  0.000152
8.608000  ,  -0.000039,  0.000039,  -0.000125,  -0.000000,  0.000000,  0.000146
8.640000  ,  -0.000038,  0.000038,  -0.000121,  -0.000000,  0.000000,  0.000141
8.672000  ,  -0.000037,  0.000037,  -0.000116,  -0.000000,  0.000000,  0.000136
8.704000  ,  -0.000035,  0.000035,  -0.000112,  -0.000000,  0.000000,  0.000131
8.736000  ,  -0.000034,  0.000034,  -0.000108,  -0.000000,  0.000000,  0.000126
8.768000  ,  -0.000033,  0.000033,  -0.000104,  -0.000000,  0.000000,  0.000122
8.800000  ,  -0.000032,  0.000032,  -0.000101,  -0.000000,  0.000000,  0.000117
8.832000  ,  -0.000030,  0.000030,  -0.000097,  -0.000000,  0.000000,  0.000113
8.864000  ,  -0.000029,  0.000029,  -0.000093,  -0.000000,  0.000000,  0.000109
8.896000  ,  -0.000028,  0.000028,  -0.000090,  -0.000000,  0.000000,  0.000105
8.928000  ,  -0.000027,  0.000027,  -0.000087,  -0.000000,  0.000000,  0.000101
8.960000  ,  -0.000026,  0.000026,  -0.000084,  -0.000000,  0.000000,  0.000098
8.992000  ,  -0.000025,  0.000025,  -0.000081,  -0.000000,  0.000000,  0.000094
9.024000  ,  -0.000024,  0.000024,  -0.000078,  -0.000000,  0.000000,  0.000091
9.056000  ,  -0.000024,  0.000024,  -0.000075,  -0.000000,  0.000000,  0.000088
9.088000  ,  -0.000023,  0.000023,  -0.000072,  -0.000000,  0.000000,  0.000084
9.120000  ,  -0.000022,  0.000022,  -0.000070,  -0.000000,  0.000000,  0.000081
9.152000  ,  -0.000021,  0.000021,  -0.000067,  -0.000000,  0.000000,  0.000078
9.184000  ,  -0.000020,  0.000020,  -0.000065,  -0.000000,  0.000000,  0.000076
9.216000  ,  -0.000020,  0.000020,  -0.000062,  -0.000000,  0.000000,  0.000073
9.248000  ,  -0.000019,  0.000019,  -0.000060,  -0.000000,  0.000000,  0.000070
9.280000  ,  -0.000018,  0.000018,  -0.000058,  -0.000000,  0.000000,  0.000068
9.312000  ,  -0.000018,  0.000018,  -0.000056,  -0.000000,  0.000000,  0.000065
9.344000  ,  -0.000017,  0.000017,  -0.000054,  -0.000000,  0.000000,  0.000063
9.376000  ,  -0.000016,  0.000016,  -0.000052,  -0.000000,  0.000000,  0.000061
9.408000  ,  -0.000016,  0.000016,  -0.000050,  -0.000000,  0.000000,  0.000058
9.440000  ,  -0.000015,  0.000015,  -0.000048,  -0.000000,  0.000000,  0.000056
9.472000  ,  -0.000015,  0.000015,  -0.000047,  -0.000000,  0.000000,  0.000054
9.504000  ,  -0.000014,  0.000014,  -0.000045,  -0.000000,  0.000000,  0.000052
9.536000  ,  -0.000014,  0.000014,  -0.000043,  -0.000000,  0.000000,  0.000050
9.568000  ,  -0.000013,  0.000013,  -0.000042,  -0.000000,  0.000000,  0.000049
9.600000  ,  -0.000013,  0.000013,  -0.000040,  -0.000000,  0.000000,  0.000047
9.632000  ,  -0.000012,  0.000012,  -0.000039,  -0.000000,  0.000000,  0.000045
9.664000  ,  -0.000012,  0.000012,  -0.000037,  -0.000000,  0.000000,  0.000044
9.696000  ,  -0.000011,  0.000011,  -0.000036,  -0.000000,  0.000000,  0.000042
9.728000  ,  -0.000011,  0.000011,  -0.000035,  -0.000000,  0.000000,  0.000041
9.760000  ,  -0.000011,  0.000011,  -0.000033,  -0.000000,  0.000000,  0.000039
9.792000  ,  -0.000010,  0.000010,  -0.000032,  -0.000000,  0.000000,  0.000038
9.824000  ,  -0.000010,  0.000010,  -0.000031,  -0.000000,  0.000000,  0.000036
9.856000  ,  -0.000009,  0.000009,  -0.000030,  -0.000000,  0.000000,  0.000035
9.888000  ,  -0.000009,  0.000009,  -0.000029,  -0.000000,  0.000000,  0.000034
9.920000  ,  -0.000009,  0.000009,  -0.000028,  -0.000000,  0.000000,  0.000033
9.952000  ,  -0.000008,  0.000008,  -0.000027,  -0.000000,  0.000000,  0.000031
9.984000  ,  -0.000008,  0.000008,  -0.000026,  -0.000000,  0.000000,  0.000030
10.016000  ,  -0.000008,  0.000008,  -0.000025,  -0.000000,  0.000000,  0.000029
10.048000  ,  -0.000008,  0.000008,  -0.000024,  -0.000000,  0.000000,  0.000028
10.080000  ,  -0.000007,  0.000007,  -0.000023,  -0.000000,  0.000000,  0.000027
10.112000  ,  -0.000007,  0.000007,  -0.000022,  -0.000000,  0.000000,  0.000026
10.144000  ,  -0.000007,  0.000007,  -0.000022,  -0.000000,  0.000000,  0.000025
10.176000  ,  -0.000007,  0.000007,  -0.000021,  -0.000000,  0.000000,  0.000024
10.208000  ,  -0.000006,  0.000006,  -0.000020,  -0.000000,  0.000000,  0.000023
10.240000  ,  -0.000006,  0.000006,  -0.000019,  -0.000000,  0.000000,  0.000023
10.272000  ,  -0.000006,  0.000006,  -0.000019,  -0.000000,  0.000000,  0.000022
10.304000  ,  -0.000006,  0.000006,  -0.000018,  -0.000000,  0.000000,  0.000021
10.336000  ,  -0.000005,  0.000005,  -0.000017,  -0.000000,  0.000000,  0.000020
10.368000  ,  -0.000005,  0.000005,  -0.000017,  -0.000000,  0.000000,  0.000019
10.400000  ,  -0.000005,  0.000005,  -0.000016,  -0.000000,  0.000000,  0.000019
10.432000  ,  -0.000005,  0.000005,  -0.000015,  -0.000000,  0.000000,  0.000018
10.464000  ,  -0.000005,  0.000005,  -0.000015,  -0.000000,  0.000000,  0.000017
10.496000  ,  -0.000005,  0.000005,  -0.000014,  -0.000000,  0.000000,  0.000017
10.528000  ,  -0.000004,  0.000004,  -0.000014,  -0.000000,  0.000000,  0.000016
10.560000  ,  -0.000004,  0.000004,  -0.000013,  -0.000000,  0.000000,  0.000016
10.592000  ,  -0.000004,  0.000004,  -0.000013,  -0.000000,  0.000000,  0.000015
10.624000  ,  -0.000004,  0.000004,  -0.000012,  -0.000000,  0.000000,  0.000015
10.656000  ,  -0.000004,  0.000004,  -0.000012,  -0.000000,  0.000000,  0.000014
10.688000  ,  -0.000004,  0.000004,  -0.000012,  -0.000000,  0.000000,  0.000013
10.720000  ,  -0.000003,  0.000003,  -0.000011,  -0.000000,  0.000000,  0.000013
10.752000  ,  -0.000003,  0.000003,  -0.000011,  -0.000000,  0.000000,  0.000013
10.784000  ,  -0.000003,  0.000003,  -0.000010,  -0.000000,  0.000000,  0.000012
10.816000  ,  -0.000003,  0.000003,  -0.000010,  -0.000000,  0.000000,  0.000012
10.848000  ,  -0.000003,  0.000003,  -0.000010,  -0.000000,  0.000000,  0.000011
10.880000  ,  -0.000003,  0.000003,  -0.000009,  -0.000000,  0.000000,  0.000011
10.912000  ,  -0.000003,  0.000003,  -0.000009,  -0.000000,  0.000000,  0.000010
10.944000  ,  -0.000003,  0.000003,  -0.000009,  -0.000000,  0.000000,  0.000010
10.976000  ,  -0.000003,  0.000003,  -0.000008,  -0.000000,  0.000000,  0.000010
11.008000  ,  -0.000003,  0.000003,  -0.000008,  -0.000000,  0.000000,  0.000009
11.040000  ,  -0.000002,  0.000002,  -0.000008,  -0.000000,  0.000000,  0.000009
11.072000  ,  -0.000002,  0.000002,  -0.000007,  -0.000000,  0.000000,  0.000009
11.104000  ,  -0.000002,  0.000002,  -0.000007,  -0.000000,  0.000000,  0.000008
11.136000  ,  -0.000002,  0.000002,  -0.000007,  -0.000000,  0.000000,  0.000008
11.168000  ,  -0.000002,  0.000002,  -0.000007,  -0.000000,  0.000000,  0.000008
11.200000  ,  -0.000002,  0.000002,  -0.000006,  -0.000000,  0.000000,  0.000007
11.232000  ,  -0.000002,  0.000002,  -0.000006,  -0.000000,  0.000000,  0.000007
11.264000  ,  -0.000002,  0.000002,  -0.000006,  -0.000000,  0.000000,  0.000007
11.296000  ,  -0.000002,  0.000002,  -0.000006,  -0.000000,  0.000000,  0.000007
11.328000  ,  -0.000002,  0.000002,  -0.000006,  -0.000000,  0.000000,  0.000006
11.360000  ,  -0.000002,  0.000002,  -0.000005,  -0.000000,  0.000000,  0.000006
11.392000  ,  -0.000002,  0.000002,  -0.000005,  -0.000000,  0.000000,  0.000006
11.424000  ,  -0.000002,  0.000002,  -0.000005,  -0.000000,  0.000000,  0.000006
11.456000  ,  -0.000002,  0.000002,  -0.000005,  -0.000000,  0.000000,  0.000006
11.488000  ,  -0.000001,  0.000001,  -0.000005,  -0.000000,  0.000000,  0.000005
11.520000  ,  -0.000001,  0.000001,  -0.000004,  -0.000000,  0.000000,  0.000005
11.552000  ,  -0.000001,  0.000001,  -0.000004,  -0.000000,  0.000000,  0.000005
11.584000  ,  -0.000001,  0.000001,  -0.000004,  -0.000000,  0.000000,  0.000005
11.616000  ,  -0.000001,  0.000001,  -0.000004,  -0.000000,  0.000000,  0.000005
11.648000  ,  -0.000001,  0.000001,  -0.000004,  -0.000000,  0.000000,  0.000004
11.680000  ,  -0.000001,  0.000001,  -0.000004,  -0.000000,  0.000000,  0.000004
11.712000  ,  -0.000001,  0.000001,  -0.000004,  -0.000000,  0.000000,  0.000004
11.744000  ,  -0.000001,  0.000001,  -0.000003,  -0.000000,  0.000000,  0.000004
11.776000  ,  -0.000001,  0.000001,  -0.000003,  -0.000000,  0.000000,  0.000004
11.808000  ,  -0.000001,  0.000001,  -0.000003,  -0.000000,  0.000000,  0.000004
11.840000  ,  -0.000001,  0.000001,  -0.000003,  -0.000000,  0.000000,  0.000004
11.872000  ,  -0.000001,  0.000001,  -0.000003,  -0.000000,  0.000000,  0.000003
11.904000  ,  -0.000001,  0.000001,  -0.000003,  -0.000000,  0.000000,  0.000003
11.936000  ,  -0.000001,  0.000001,  -0.000003,  -0.000000,  0.000000,  0.000003
11.968000  ,  -0.000001,  0.000001,  -0.000003,  -0.000000,  0.000000,  0.000003
12.000000  ,  -0.000001,  0.000001,  -0.000003,  0.000000,  0.000000,  0.000003
12.032000  ,  -0.000001,  0.000001,  -0.000002,  0.000000,  0.000000,  0.000003
12.064000  ,  -0.000001,  0.000001,  -0.000002,  0.000000,  0.000000,  0.000003
12.096000  ,  -0.000001,  0.000001,  -0.000002,  0.000000,  0.000000,  0.000003
12.128000  ,  -0.000001,  0.000001,  -0.000002,  0.000000,  0.000000,  0.000003
12.160000  ,  -0.000001,  0.000001,  -0.000002,  0.000000,  0.000000,  0.000002
12.192000  ,  -0.000001,  0.000001,  -0.000002,  0.000000,  0.000000,  0.000002
12.224000  ,  -0.000001,  0.000001,  -0.000002,  0.000000,  0.000000,  0.000002
12.256000  ,  -0.000001,  0.000001,  -0.000002,  0.000000,  0.000000,  0.000002
12.288000  ,  -0.000001,  0.000001,  -0.000002,  0.000000,  0.000000,  0.000002
12.320000  ,  -0.000001,  0.000001,  -0.000002,  0.000000,  0.000000,  0.000002
12.352000  ,  -0.000001,  0.000001,  -0.000002,  0.000000,  0.000000,  0.000002
12.384000  ,  -0.000001,  0.000001,  -0.000002,  0.000000,  0.000000,  0.000002
12.416000  ,  -0.000001,  0.000001,  -0.000002,  0.000000,  0.000000,  0.000002
12.448000  ,  -0.000000,  0.000000,  -0.000002,  0.000000,  0.000000,  0.000002
12.480000  ,  -0.000000,  0.000000,  -0.000001,  0.000000,  0.000000,  0.000002
12.512000  ,  -0.000000,  0.000000,  -0.000001,  0.000000,  0.000000,  0.000002
12.544000  ,  -0.000000,  0.000000,  -0.000001,  0.000000,  0.000000,  0.000002
12.576000  ,  -0.000000,  0.000000,  -0.000001,  0.000000,  0.000000,  0.000002
12.608000  ,  -0.000000,  0.000000,  -0.000001,  0.000000,  0.000000,  0.000001
12.640000  ,  -0.000000,  0.000000,  -0.000001,  0.000000,  0.000000,  0.000001
12.672000  ,  -0.000000,  0.000000,  -0.000001,  0.000000,  0.000000,  0.000001
12.704000  ,  -0.000000,  0.000000,  -0.000001,  0.000000,  0.000000,  0.000001
12.736000  ,  -0.000000,  0.000000,  -0.000001,  0.000000,  0.000000,  0.000001
12.768000  ,  -0.000000,  0.000000,  -0.000001,  0.000000,  0.000000,  0.000001
12.800000  ,  -0.000000,  0.000000,  -0.000001,  0.000000,  0.000000,  0.000001
12.832000  ,  -0.000000,  0.000000,  -0.000001,  0.000000,  0.000000,  0.000001
12.864000  ,  -0.000000,  0.000000,  -0.000001,  0.000000,  0.000000,  0.000001
12.896000  ,  -0.000000,  0.000000,  -0.000001,  -0.000000,  0.000000,  0.000001
12.928000  ,  -0.000000,  0.000000,  -0.000001,  -0.000000,  0.000000,  0.000001
12.960000  ,  -0.000000,  0.000000,  -0.000001,  -0.000000,  0.000000,  0.000001
12.992000  ,  -0.000000,  0.000000,  -0.000001,  -0.000000,  0.000000,  0.000001
13.024000  ,  -0.000000,  0.000000,  -0.000001,  -0.000000,  0.000000,  0.000001
13.056000  ,  -0.000000,  0.000000,  -0.000001,  -0.000000,  0.000000,  0.000001
13.088000  ,  -0.000000,  0.000000,  -0.000001,  -0.000000,  0.000000,  0.000001
13.120000  ,  -0.000000,  0.000000,  -0.000001,  -0.000000,  0.000000,  0.000001
13.152000  ,  -0.000000,  0.000000,  -0.000001,  -0.000000,  0.000000,  0.000001
13.184000  ,  -0.000000,  0.000000,  -0.000001,  -0.000000,  0.000000,  0.000001
13.216000  ,  -0.000000,  0.000000,  -0.000001,  -0.000000,  0.000000,  0.000001
13.248000  ,  -0.000000,  0.000000,  -0.000001,  -0.000000,  0.000000,  0.000001
13.280000  ,  -0.000000,  0.000000,  -0.000001,  -0.000000,  0.000000,  0.000001
13.312000  ,  -0.000000,  0.000000,  -0.000001,  -0.000000,  0.000000,  0.000001
13.344000  ,  -0.000000,  0.000000,  -0.000001,  -0.000000,  0.000000,  0.000001
13.376000  ,  -0.000000,  0.000000,  -0.000001,  -0.000000,  0.000000,  0.000001
13.408000  ,  -0.000000,  0.000000,  -0.000001,  -0.000000,  0.000000,  0.000001
13.440000  ,  -0.000000,  0.000000,  -0.000000,  -0.000000,  0.000000,  0.000001
13.472000  ,  -0.000000,  0.000000,  -0.000000,  -0.000000,  0.000000,  0.000001
13.504000  ,  -0.000000,  0.000000,  -0.000000,  -0.000000,  0.000000,  0.000001
13.536000  ,  -0.000000,  0.000000,  -0.000000,  -0.000000,  0.000000,  0.000001
13.568000  ,  -0.000000,  0.000000,  -0.000000,  -0.000000,  0.000000,  0.000000
13.600000  ,  -0.000000,  0.000000,  -0.000000,  -0.000000,  0.000000,  0.000000
13.632000  ,  -0.000000,  0.000000,  -0.000000,  -0.000000,  0.000000,  0.000000
13.664000  ,  -0.000000,  0.000000,  -0.000000,  -0.000000,  0.000000,  0.000000
13.696000  ,  -0.000000,  0.000000,  -0.000000,  -0.000000,  0.000000,  0.000000
13.728000  ,  -0.000000,  0.000000,  -0.000000,  -0.000000,  0.000000,  0.000000
13.760000  ,  -0.000000,  0.000000,  -0.000000,  -0.000000,  0.000000,  0.000000
13.792000  ,  -0.000000,  0.000000,  -0.000000,  -0.000000,  0.000000,  0.000000
13.824000  ,  -0.000000,  0.000000,  -0.000000,  -0.000000,  0.000000,  0.000000
13.856000  ,  -0.000000,  0.000000,  -0.000000,  -0.000000,  0.000000,  0.000000
13.888000  ,  -0.000000,  0.000000,  -0.000000,  -0.000000,  0.000000,  0.000000
13.920000  ,  -0.000000,  0.000000,  -0.000000,  -0.000000,  0.000000,  0.000000
13.952000  ,  -0.000000,  0.000000,  -0.000000,  -0.000000,  0.000000,  0.000000
13.984000  ,  -0.000000,  0.000000,  -0.000000,  -0.000000,  0.000000,  0.000000
14.016000  ,  -0.000000,  0.000000,  -0.000000,  -0.000000,  0.000000,  0.000000
14.048000  ,  -0.000000,  0.000000,  -0.000000,  -0.000000,  0.000000,  0.000000
14.080000  ,  -0.000000,  0.000000,  -0.000000,  -0.000000,  0.000000,  0.000000
14.112000  ,  -0.000000,  0.000000,  -0.000000,  -0.000000,  0.000000,  0.000000
14.144000  ,  -0.000000,  0.000000,  -0.000000,  -0.000000,  0.000000,  0.000000
14.176000  ,  -0.000000,  0.000000,  -0.000000,  -0.000000,  0.000000,  0.000000
14.208000  ,  -0.000000,  0.000000,  -0.000000,  -0.000000,  0.000000,  0.000000
14.240000  ,  -0.000000,  0.000000,  -0.000000,  -0.000000,  0.000000,  0.000000
14.272000  ,  -0.000000,  0.000000,  -0.000000,  -0.000000,  0.000000,  0.000000
14.304000  ,  -0.000000,  0.000000,  -0.000000,  -0.000000,  0.000000,  0.000000
14.336000  ,  -0.000000,  0.000000,  -0.000000,  -0.000000,  0.000000,  0.000000
14.368000  ,  -0.000000,  0.000000,  -0.000000,  -0.000000,  0.000000,  0.000000
14.400000  ,  -0.000000,  0.000000,  -0.000000,  -0.000000,  0.000000,  0.000000
14.432000  ,  -0.000000,  0.000000,  -0.000000,  -0.000000,  0.000000,  0.000000
14.464000  ,  -0.000000,  0.000000,  -0.000000,  -0.000000,  0.000000,  0.000000
14.496000  ,  -0.000000,  0.000000,  -0.000000,  -0.000000,  0.000000,  0.000000
14.528000  ,  -0.000000,  0.000000,  -0.000000,  -0.000000,  0.000000,  0.000000
14.560000  ,  -0.000000,  0.000000,  -0.000000,  -0.000000,  0.000000,  0.000000
14.592000  ,  -0.000000,  0.000000,  -0.000000,  -0.000000,  0.000000,  0.000000
14.624000  ,  -0.000000,  0.000000,  -0.000000,  -0.000000,  0.000000,  0.000000
14.656000  ,  -0.000000,  0.000000,  -0.000000,  -0.000000,  0.000000,  0.000000
14.688000  ,  -0.000000,  0.000000,  -0.000000,  -0.000000,  0.000000,  0.000000
14.720000  ,  -0.000000,  0.000000,  -0.000000,  -0.000000,  0.000000,  0.000000
14.752000  ,  -0.000000,  0.000000,  -0.000000,  -0.000000,  0.000000,  0.000000
14.784000  ,  -0.000000,  0.000000,  -0.000000,  -0.000000,  0.000000,  0.000000
14.816000  ,  -0.000000,  0.000000,  -0.000000,  -0.000000,  0.000000,  0.000000
14.848000  ,  -0.000000,  0.000000,  -0.000000,  -0.000000,  0.000000,  0.000000
14.880000  ,  -0.000000,  0.000000,  -0.000000,  0.000000,  0.000000,  0.000000
14.912000  ,  -0.000000,  0.000000,  -0.000000,  0.000000,  0.000000,  0.000000
14.944000  ,  -0.000000,  0.000000,  -0.000000,  0.000000,  0.000000,  0.000000
14.976000  ,  -0.000000,  0.000000,  -0.000000,  0.000000,  0.000000,  0.000000
15.008000  ,  -0.000000,  0.000000,  -0.000000,  0.000000,  0.000000,  0.000000
15.040000  ,  -0.000000,  0.000000,  -0.000000,  0.000000,  0.000000,  0.000000
15.072000  ,  -0.000000,  0.000000,  -0.000000,  0.000000,  0.000000,  0.000000
15.104000  ,  -0.000000,  0.000000,  -0.000000,  0.000000,  0.000000,  0.000000
15.136000  ,  -0.000000,  0.000000,  -0.000000,  0.000000,  0.000000,  0.000000
15.168000  ,  -0.000000,  0.000000,  -0.000000,  0.000000,  0.000000,  0.000000
15.200000  ,  -0.000000,  0.000000,  -0.000000,  0.000000,  0.000000,  0.000000
15.232000  ,  -0.000000,  0.000000,  -0.000000,  0.000000,  0.000000,  0.000000
15.264000  ,  -0.000000,  0.000000,  -0.000000,  0.000000,  0.000000,  0.000000
15.296000  ,  -0.000000,  0.000000,  -0.000000,  0.000000,  0.000000,  0.000000
15.328000  ,  -0.000000,  0.000000,  -0.000000,  0.000000,  0.000000,  0.000000
15.360000  ,  -0.000000,  0.000000,  -0.000000,  0.000000,  0.000000,  0.000000
15.392000  ,  -0.000000,  0.000000,  -0.000000,  0.000000,  0.000000,  0.000000
15.424000  ,  -0.000000,  0.000000,  -0.000000,  0.000000,  0.000000,  0.000000
15.456000  ,  -0.000000,  0.000000,  -0.000000,  0.000000,  0.000000,  0.000000
15.488000  ,  -0.000000,  0.000000,  -0.000000,  0.000000,  0.000000,  0.000000
15.520000  ,  -0.000000,  0.000000,  -0.000000,  0.000000,  0.000000,  0.000000
15.552000  ,  -0.000000,  0.000000,  -0.000000,  0.000000,  0.000000,  0.000000
15.584000  ,  -0.000000,  0.000000,  -0.000000,  0.000000,  0.000000,  0.000000
15.616000  ,  -0.000000,  0.000000,  -0.000000,  0.000000,  0.000000,  0.000000
15.648000  ,  -0.000000,  0.000000,  -0.000000,  0.000000,  0.000000,  0.000000
15.680000  ,  -0.000000,  0.000000,  -0.000000,  0.000000,  0.000000,  0.000000
15.712000  ,  -0.000000,  0.000000,  -0.000000,  0.000000,  0.000000,  0.000000
15.744000  ,  -0.000000,  0.000000,  -0.000000,  0.000000,  0.000000,  0.000000
15.776000  ,  -0.000000,  0.000000,  -0.000000,  0.000000,  0.000000,  0.000000
15.808000  ,  -0.000000,  0.000000,  -0.000000,  0.000000,  0.000000,  0.000000
15.840000  ,  -0.000000,  0.000000,  -0.000000,  0.000000,  0.000000,  0.000000
15.872000  ,  -0.000000,  0.000000,  -0.000000,  0.000000,  0.000000,  0.000000
15.904000  ,  -0.000000,  0.000000,  -0.000000,  0.000000,  0.000000,  0.000000
15.936000  ,  -0.000000,  0.000000,  -0.000000,  0.000000,  0.000000,  0.000000
15.968000  ,  -0.000000,  0.000000,  -0.000000,  0.000000,  0.000000,  0.000000
16.000000  ,  -0.000000,  0.000000,  -0.000000,  0.000000,  0.000000,  0.000000
16.032000  ,  -0.000000,  0.000000,  -0.000000,  0.000000,  0.000000,  0.000000
16.064000  ,  -0.000000,  0.000000,  -0.000000,  0.000000,  0.000000,  0.000000
16.096000  ,  -0.000000,  0.000000,  -0.000000,  0.000000,  0.000000,  0.000000
16.128000  ,  -0.000000,  0.000000,  -0.000000,  0.000000,  0.000000,  0.000000
16.160000  ,  -0.000000,  0.000000,  -0.000000,  0.000000,  0.000000,  0.000000
16.192000  ,  -0.000000,  0.000000,  -0.000000,  0.000000,  0.000000,  0.000000
16.224000  ,  -0.000000,  0.000000,  -0.000000,  0.000000,  0.000000,  0.000000
16.256000  ,  -0.000000,  0.000000,  -0.000000,  0.000000,  0.000000,  0.000000
16.288000  ,  -0.000000,  0.000000,  -0.000000,  0.000000,  0.000000,  0.000000
16.320000  ,  -0.000000,  0.000000,  -0.000000,  0.000000,  0.000000,  0.000000
16.352000  ,  -0.000000,  0.000000,  -0.000000,  0.000000,  0.000000,  0.000000
16.384000  ,  -0.000000,  0.000000,  -0.000000,  0.000000,  0.000000,  0.000000
16.416000  ,  -0.000000,  0.000000,  -0.000000,  0.000000,  0.000000,  0.000000
16.448000  ,  -0.000000,  0.000000,  -0.000000,  0.000000,  0.000000,  0.000000
16.480000  ,  -0.000000,  0.000000,  -0.000000,  0.000000,  0.000000,  0.000000
16.512000  ,  -0.000000,  0.000000,  -0.000000,  0.000000,  0.000000,  0.000000
16.544000  ,  -0.000000,  0.000000,  -0.000000,  0.000000,  0.000000,  0.000000
16.576000  ,  -0.000000,  0.000000,  -0.000000,  0.000000,  0.000000,  0.000000
16.608000  ,  -0.000000,  0.000000,  -0.000000,  0.000000,  0.000000,  0.000000
16.640000  ,  -0.000000,  0.000000,  -0.000000,  0.000000,  0.000000,  0.000000
16.672000  ,  -0.000000,  0.000000,  -0.000000,  0.000000,  0.000000,  0.000000
16.704000  ,  -0.000000,  0.000000,  -0.000000,  0.000000,  0.000000,  0.000000
16.736000  ,  -0.000000,  0.000000,  -0.000000,  0.000000,  0.000000,  0.000000
16.768000  ,  -0.000000,  0.000000,  -0.000000,  0.000000,  0.000000,  0.000000
16.800000  ,  -0.000000,  0.000000,  -0.000000,  0.000000,  0.000000,  0.000000
16.832000  ,  -0.000000,  0.000000,  -0.000000,  0.000000,  0.000000,  0.000000
16.864000  ,  -0.000000,  0.000000,  -0.000000,  0.000000,  0.000000,  0.000000
16.896000  ,  -0.000000,  0.000000,  -0.000000,  0.000000,  0.000000,  0.000000
16.928000  ,  -0.000000,  0.000000,  -0.000000,  0.000000,  0.000000,  0.000000
16.960000  ,  -0.000000,  0.000000,  -0.000000,  0.000000,  0.000000,  0.000000
16.992000  ,  -0.000000,  0.000000,  -0.000000,  0.000000,  0.000000,  0.000000
17.024000  ,  -0.000000,  0.000000,  -0.000000,  0.000000,  0.000000,  0.000000
17.056000  ,  -0.000000,  0.000000,  -0.000000,  0.000000,  0.000000,  0.000000
17.088000  ,  -0.000000,  0.000000,  -0.000000,  0.000000,  0.000000,  0.000000
17.120000  ,  -0.000000,  0.000000,  -0.000000,  0.000000,  0.000000,  0.000000
17.152000  ,  -0.000000,  0.000000,  -0.000000,  0.000000,  0.000000,  0.000000
17.184000  ,  -0.000000,  0.000000,  -0.000000,  0.000000,  0.000000,  0.000000
17.216000  ,  -0.000000,  0.000000,  -0.000000,  0.000000,  0.000000,  0.000000
17.248000  ,  -0.000000,  0.000000,  -0.000000,  0.000000,  0.000000,  0.000000
17.280000  ,  -0.000000,  0.000000,  -0.000000,  0.000000,  0.000000,  0.000000
17.312000  ,  -0.000000,  0.000000,  -0.000000,  0.000000,  0.000000,  0.000000
17.344000  ,  -0.000000,  0.000000,  -0.000000,  0.000000,  0.000000,  0.000000
17.376000  ,  -0.000000,  0.000000,  -0.000000,  0.000000,  0.000000,  0.000000
17.408000  ,  -0.000000,  0.000000,  -0.000000,  0.000000,  0.000000,  0.000000
17.440000  ,  -0.000000,  0.000000,  -0.000000,  0.000000,  0.000000,  0.000000
17.472000  ,  -0.000000,  0.000000,  -0.000000,  0.000000,  0.000000,  0.000000
17.504000  ,  -0.000000,  0.000000,  -0.000000,  0.000000,  0.000000,  0.000000
17.536000  ,  -0.000000,  0.000000,  -0.000000,  0.000000,  0.000000,  0.000000
17.568000  ,  -0.000000,  0.000000,  -0.000000,  0.000000,  0.000000,  0.000000
17.600000  ,  -0.000000,  0.000000,  -0.000000,  0.000000,  0.000000,  0.000000
17.632000  ,  -0.000000,  0.000000,  -0.000000,  0.000000,  0.000000,  0.000000
17.664000  ,  -0.000000,  0.000000,  -0.000000,  0.000000,  0.000000,  0.000000
17.696000  ,  -0.000000,  0.000000,  -0.000000,  0.000000,  0.000000,  0.000000
17.728000  ,  -0.000000,  0.000000,  -0.000000,  0.000000,  0.000000,  0.000000
17.760000  ,  -0.000000,  0.000000,  -0.000000,  0.000000,  0.000000,  0.000000
17.792000  ,  -0.000000,  0.000000,  -0.000000,  0.000000,  0.000000,  0.000000
17.824000  ,  -0.000000,  0.000000,  -0.000000,  0.000000,  0.000000,  0.000000
17.856000  ,  -0.000000,  0.000000,  -0.000000,  0.000000,  0.000000,  0.000000
17.888000  ,  -0.000000,  0.000000,  -0.000000,  0.000000,  0.000000,  0.000000
17.920000  ,  -0.000000,  0.000000,  -0.000000,  0.000000,  0.000000,  0.000000
17.952000  ,  -0.000000,  0.000000,  -0.000000,  0.000000,  0.000000,  0.000000
17.984000  ,  -0.000000,  0.000000,  -0.000000,  0.000000,  0.000000,  0.000000
18.016000  ,  -0.000000,  0.000000,  -0.000000,  0.000000,  0.000000,  0.000000
18.048000  ,  -0.000000,  0.000000,  -0.000000,  0.000000,  0.000000,  0.000000
18.080000  ,  -0.000000,  0.000000,  -0.000000,  0.000000,  0.000000,  0.000000
18.112000  ,  -0.000000,  0.000000,  -0.000000,  0.000000,  0.000000,  0.000000
18.144000  ,  -0.000000,  0.000000,  -0.000000,  0.000000,  0.000000,  0.000000
18.176000  ,  -0.000000,  0.000000,  -0.000000,  0.000000,  0.000000,  0.000000
18.208000  ,  -0.000000,  0.000000,  -0.000000,  0.000000,  0.000000,  0.000000
18.240000  ,  -0.000000,  0.000000,  -0.000000,  0.000000,  0.000000,  0.000000
18.272000  ,  -0.000000,  0.000000,  -0.000000,  0.000000,  0.000000,  0.000000
18.304000  ,  -0.000000,  0.000000,  -0.000000,  0.000000,  0.000000,  0.000000
18.336000  ,  -0.000000,  0.000000,  -0.000000,  0.000000,  0.000000,  0.000000
18.368000  ,  -0.000000,  0.000000,  -0.000000,  0.000000,  0.000000,  0.000000
18.400000  ,  -0.000000,  0.000000,  -0.000000,  0.000000,  0.000000,  0.000000
18.432000  ,  -0.000000,  0.000000,  -0.000000,  0.000000,  0.000000,  0.000000
18.464000  ,  -0.000000,  0.000000,  -0.000000,  0.000000,  0.000000,  0.000000
18.496000  ,  -0.000000,  0.000000,  -0.000000,  0.000000,  0.000000,  0.000000
18.528000  ,  -0.000000,  0.000000,  -0.000000,  0.000000,  0.000000,  0.000000
18.560000  ,  -0.000000,  0.000000,  -0.000000,  0.000000,  0.000000,  0.000000
18.592000  ,  -0.000000,  0.000000,  -0.000000,  0.000000,  0.000000,  0.000000
18.624000  ,  -0.000000,  0.000000,  -0.000000,  0.000000,  0.000000,  0.000000
18.656000  ,  -0.000000,  0.000000,  -0.000000,  0.000000,  0.000000,  0.000000
18.688000  ,  -0.000000,  0.000000,  -0.000000,  0.000000,  0.000000,  0.000000
18.720000  ,  -0.000000,  0.000000,  -0.000000,  0.000000,  0.000000,  0.000000
18.752000  ,  -0.000000,  0.000000,  -0.000000,  0.000000,  0.000000,  0.000000
18.784000  ,  -0.000000,  0.000000,  -0.000000,  0.000000,  0.000000,  0.000000
18.816000  ,  -0.000000,  0.000000,  -0.000000,  0.000000,  0.000000,  0.000000
18.848000  ,  -0.000000,  0.000000,  -0.000000,  0.000000,  0.000000,  0.000000
18.880000  ,  -0.000000,  0.000000,  -0.000000,  0.000000,  0.000000,  0.000000
18.912000  ,  -0.000000,  0.000000,  -0.000000,  0.000000,  0.000000,  0.000000
18.944000  ,  -0.000000,  0.000000,  -0.000000,  0.000000,  0.000000,  0.000000
18.976000  ,  -0.000000,  0.000000,  -0.000000,  0.000000,  0.000000,  0.000000
19.008000  ,  -0.000000,  0.000000,  -0.000000,  0.000000,  0.000000,  0.000000
19.040000  ,  -0.000000,  0.000000,  -0.000000,  0.000000,  0.000000,  0.000000
19.072000  ,  -0.000000,  0.000000,  -0.000000,  0.000000,  0.000000,  0.000000
19.104000  ,  -0.000000,  0.000000,  -0.000000,  0.000000,  0.000000,  0.000000
19.136000  ,  -0.000000,  0.000000,  -0.000000,  0.000000,  0.000000,  0.000000
19.168000  ,  -0.000000,  0.000000,  -0.000000,  0.000000,  0.000000,  0.000000
19.200000  ,  -0.000000,  0.000000,  -0.000000,  0.000000,  0.000000,  0.000000
19.232000  ,  -0.000000,  0.000000,  -0.000000,  0.000000,  0.000000,  0.000000
19.264000  ,  -0.000000,  0.000000,  -0.000000,  0.000000,  0.000000,  0.000000
19.296000  ,  -0.000000,  0.000000,  -0.000000,  0.000000,  0.000000,  0.000000
19.328000  ,  -0.000000,  0.000000,  -0.000000,  0.000000,  0.000000,  0.000000
19.360000  ,  -0.000000,  0.000000,  -0.000000,  0.000000,  0.000000,  0.000000
19.392000  ,  -0.000000,  0.000000,  -0.000000,  0.000000,  0.000000,  0.000000
19.424000  ,  -0.000000,  0.000000,  -0.000000,  0.000000,  0.000000,  0.000000
19.456000  ,  -0.000000,  0.000000,  -0.000000,  0.000000,  0.000000,  0.000000
19.488000  ,  -0.000000,  0.000000,  -0.000000,  0.000000,  0.000000,  0.000000
19.520000  ,  -0.000000,  0.000000,  -0.000000,  0.000000,  0.000000,  0.000000
19.552000  ,  -0.000000,  0.000000,  -0.000000,  0.000000,  0.000000,  0.000000
19.584000  ,  -0.000000,  0.000000,  -0.000000,  0.000000,  0.000000,  0.000000
19.616000  ,  -0.000000,  0.000000,  -0.000000,  0.000000,  0.000000,  0.000000
19.648000  ,  -0.000000,  0.000000,  -0.000000,  0.000000,  0.000000,  0.000000
19.680000  ,  -0.000000,  0.000000,  -0.000000,  0.000000,  0.000000,  0.000000
19.712000  ,  -0.000000,  0.000000,  -0.000000,  0.000000,  0.000000,  0.000000
19.744000  ,  -0.000000,  0.000000,  -0.000000,  0.000000,  0.000000,  0.000000
19.776000  ,  -0.000000,  0.000000,  -0.000000,  0.000000,  0.000000,  0.000000
19.808000  ,  -0.000000,  0.000000,  -0.000000,  0.000000,  0.000000,  0.000000
19.840000  ,  -0.000000,  0.000000,  -0.000000,  0.000000,  0.000000,  0.000000
19.872000  ,  -0.000000,  0.000000,  -0.000000,  0.000000,  0.000000,  0.000000
19.904000  ,  -0.000000,  0.000000,  -0.000000,  0.000000,  0.000000,  0.000000
19.936000  ,  -0.000000,  0.000000,  -0.000000,  0.000000,  0.000000,  0.000000
19.968000  ,  -0.000000,  0.000000,  -0.000000,  0.000000,  0.000000,  0.000000
20.000000  ,  -0.000000,  0.000000,  -0.000000,  0.000000,  0.000000,  0.000000
20.032000  ,  -0.000000,  0.000000,  -0.000000,  0.000000,  0.000000,  0.000000
20.064000  ,  -0.000000,  0.000000,  -0.000000,  0.000000,  0.000000,  0.000000
20.096000  ,  -0.000000,  0.000000,  -0.000000,  0.000000,  0.000000,  0.000000
20.128000  ,  -0.000000,  0.000000,  -0.000000,  0.000000,  0.000000,  0.000000
20.160000  ,  -0.000000,  0.000000,  -0.000000,  0.000000,  0.000000,  0.000000
20.192000  ,  -0.000000,  0.000000,  -0.000000,  0.000000,  0.000000,  0.000000
20.224000  ,  -0.000000,  0.000000,  -0.000000,  0.000000,  0.000000,  0.000000
20.256000  ,  -0.000000,  0.000000,  -0.000000,  0.000000,  0.000000,  0.000000
20.288000  ,  -0.000000,  0.000000,  -0.000000,  0.000000,  0.000000,  0.000000
20.320000  ,  -0.000000,  0.000000,  -0.000000,  0.000000,  0.000000,  0.000000
20.352000  ,  -0.000000,  0.000000,  -0.000000,  0.000000,  0.000000,  0.000000
20.384000  ,  -0.000000,  0.000000,  -0.000000,  0.000000,  0.000000,  0.000000
20.416000  ,  -0.000000,  0.000000,  -0.000000,  0.000000,  0.000000,  0.000000
20.448000  ,  -0.000000,  0.000000,  -0.000000,  0.000000,  0.000000,  0.000000
20.480000  ,  -0.000000,  0.000000,  -0.000000,  0.000000,  0.000000,  0.000000
20.512000  ,  -0.000000,  0.000000,  -0.000000,  0.000000,  0.000000,  0.000000
20.544000  ,  -0.000000,  0.000000,  -0.000000,  0.000000,  0.000000,  0.000000
20.576000  ,  -0.000000,  0.000000,  -0.000000,  0.000000,  0.000000,  0.000000
20.608000  ,  -0.000000,  0.000000,  -0.000000,  0.000000,  0.000000,  0.000000
20.640000  ,  -0.000000,  0.000000,  -0.000000,  0.000000,  0.000000,  0.000000
20.672000  ,  -0.000000,  0.000000,  -0.000000,  0.000000,  0.000000,  0.000000
20.704000  ,  -0.000000,  0.000000,  -0.000000,  0.000000,  0.000000,  0.000000
20.736000  ,  -0.000000,  0.000000,  -0.000000,  0.000000,  0.000000,  0.000000
20.768000  ,  -0.000000,  0.000000,  -0.000000,  0.000000,  0.000000,  0.000000
20.800000  ,  -0.000000,  0.000000,  -0.000000,  0.000000,  0.000000,  0.000000
20.832000  ,  -0.000000,  0.000000,  -0.000000,  0.000000,  0.000000,  0.000000
20.864000  ,  -0.000000,  0.000000,  -0.000000,  0.000000,  0.000000,  0.000000
20.896000  ,  -0.000000,  0.000000,  -0.000000,  0.000000,  0.000000,  0.000000
20.928000  ,  -0.000000,  0.000000,  -0.000000,  0.000000,  0.000000,  0.000000
20.960000  ,  -0.000000,  0.000000,  -0.000000,  0.000000,  0.000000,  0.000000
20.992000  ,  -0.000000,  0.000000,  -0.000000,  0.000000,  0.000000,  0.000000
21.024000  ,  -0.000000,  0.000000,  -0.000000,  0.000000,  0.000000,  0.000000
21.056000  ,  -0.000000,  0.000000,  -0.000000,  0.000000,  0.000000,  0.000000
21.088000  ,  -0.000000,  0.000000,  -0.000000,  0.000000,  0.000000,  0.000000
21.120000  ,  -0.000000,  0.000000,  -0.000000,  0.000000,  0.000000,  0.000000
21.152000  ,  -0.000000,  0.000000,  -0.000000,  0.000000,  0.000000,  0.000000
21.184000  ,  -0.000000,  0.000000,  -0.000000,  0.000000,  0.000000,  0.000000
21.216000  ,  -0.000000,  0.000000,  -0.000000,  0.000000,  0.000000,  0.000000
21.248000  ,  -0.000000,  0.000000,  -0.000000,  0.000000,  0.000000,  0.000000
21.280000  ,  -0.000000,  0.000000,  -0.000000,  0.000000,  0.000000,  0.000000
21.312000  ,  -0.000000,  0.000000,  -0.000000,  0.000000,  0.000000,  0.000000
21.344000  ,  -0.000000,  0.000000,  -0.000000,  0.000000,  0.000000,  0.000000
21.376000  ,  -0.000000,  0.000000,  -0.000000,  0.000000,  0.000000,  0.000000
21.408000  ,  -0.000000,  0.000000,  -0.000000,  0.000000,  0.000000,  0.000000
21.440000  ,  -0.000000,  0.000000,  -0.000000,  0.000000,  0.000000,  0.000000
21.472000  ,  -0.000000,  0.000000,  -0.000000,  0.000000,  0.000000,  0.000000
21.504000  ,  -0.000000,  0.000000,  -0.000000,  0.000000,  0.000000,  0.000000
21.536000  ,  -0.000000,  0.000000,  -0.000000,  0.000000,  0.000000,  0.000000
21.568000  ,  -0.000000,  0.000000,  -0.000000,  0.000000,  0.000000,  0.000000
21.600000  ,  -0.000000,  0.000000,  -0.000000,  0.000000,  0.000000,  0.000000
21.632000  ,  -0.000000,  0.000000,  -0.000000,  0.000000,  0.000000,  0.000000
21.664000  ,  -0.000000,  0.000000,  -0.000000,  0.000000,  0.000000,  0.000000
21.696000  ,  -0.000000,  0.000000,  -0.000000,  0.000000,  0.000000,  0.000000
21.728000  ,  -0.000000,  0.000000,  -0.000000,  0.000000,  0.000000,  0.000000
21.760000  ,  -0.000000,  0.000000,  -0.000000,  0.000000,  0.000000,  0.000000
21.792000  ,  -0.000000,  0.000000,  -0.000000,  0.000000,  0.000000,  0.000000
21.824000  ,  -0.000000,  0.000000,  -0.000000,  0.000000,  0.000000,  0.000000
21.856000  ,  -0.000000,  0.000000,  -0.000000,  0.000000,  0.000000,  0.000000
21.888000  ,  -0.000000,  0.000000,  -0.000000,  0.000000,  0.000000,  0.000000
21.920000  ,  -0.000000,  0.000000,  -0.000000,  0.000000,  0.000000,  0.000000
21.952000  ,  -0.000000,  0.000000,  -0.000000,  0.000000,  0.000000,  0.000000
21.984000  ,  -0.000000,  0.000000,  -0.000000,  0.000000,  0.000000,  0.000000
22.016000  ,  -0.000000,  0.000000,  -0.000000,  0.000000,  0.000000,  0.000000
22.048000  ,  -0.000000,  0.000000,  -0.000000,  0.000000,  0.000000,  0.000000
22.080000  ,  -0.000000,  0.000000,  -0.000000,  0.000000,  0.000000,  0.000000
22.112000  ,  -0.000000,  0.000000,  -0.000000,  0.000000,  0.000000,  0.000000
22.144000  ,  -0.000000,  0.000000,  -0.000000,  0.000000,  0.000000,  0.000000
22.176000  ,  -0.000000,  0.000000,  -0.000000,  0.000000,  0.000000,  0.000000
22.208000  ,  -0.000000,  0.000000,  -0.000000,  0.000000,  0.000000,  0.000000
22.240000  ,  -0.000000,  0.000000,  -0.000000,  0.000000,  0.000000,  0.000000
22.272000  ,  -0.000000,  0.000000,  -0.000000,  0.000000,  0.000000,  0.000000
22.304000  ,  -0.000000,  0.000000,  -0.000000,  0.000000,  0.000000,  0.000000
22.336000  ,  -0.000000,  0.000000,  -0.000000,  0.000000,  0.000000,  0.000000
22.368000  ,  -0.000000,  0.000000,  -0.000000,  0.000000,  0.000000,  0.000000
22.400000  ,  -0.000000,  0.000000,  -0.000000,  0.000000,  0.000000,  0.000000
22.432000  ,  -0.000000,  0.000000,  -0.000000,  0.000000,  0.000000,  0.000000
22.464000  ,  -0.000000,  0.000000,  -0.000000,  0.000000,  0.000000,  0.000000
22.496000  ,  -0.000000,  0.000000,  -0.000000,  0.000000,  0.000000,  0.000000
22.528000  ,  -0.000000,  0.000000,  -0.000000,  0.000000,  0.000000,  0.000000
22.560000  ,  -0.000000,  0.000000,  -0.000000,  0.000000,  0.000000,  0.000000
22.592000  ,  -0.000000,  0.000000,  -0.000000,  0.000000,  0.000000,  0.000000
22.624000  ,  -0.000000,  0.000000,  -0.000000,  0.000000,  0.000000,  0.000000
22.656000  ,  -0.000000,  0.000000,  -0.000000,  0.000000,  0.000000,  0.000000
22.688000  ,  -0.000000,  0.000000,  -0.000000,  0.000000,  0.000000,  0.000000
22.720000  ,  -0.000000,  0.000000,  -0.000000,  0.000000,  0.000000,  0.000000
22.752000  ,  -0.000000,  0.000000,  -0.000000,  0.000000,  0.000000,  0.000000
22.784000  ,  -0.000000,  0.000000,  -0.000000,  0.000000,  0.000000,  0.000000
22.816000  ,  -0.000000,  0.000000,  -0.000000,  0.000000,  0.000000,  0.000000
22.848000  ,  -0.000000,  0.000000,  -0.000000,  0.000000,  0.000000,  0.000000
22.880000  ,  -0.000000,  0.000000,  -0.000000,  0.000000,  0.000000,  0.000000
22.912000  ,  -0.000000,  0.000000,  -0.000000,  0.000000,  0.000000,  0.000000
22.944000  ,  -0.000000,  0.000000,  -0.000000,  0.000000,  0.000000,  0.000000
22.976000  ,  -0.000000,  0.000000,  -0.000000,  0.000000,  0.000000,  0.000000
23.008000  ,  -0.000000,  0.000000,  -0.000000,  0.000000,  0.000000,  0.000000
23.040000  ,  -0.000000,  0.000000,  -0.000000,  0.000000,  0.000000,  0.000000
23.072000  ,  -0.000000,  0.000000,  -0.000000,  0.000000,  0.000000,  0.000000
23.104000  ,  -0.000000,  0.000000,  -0.000000,  0.000000,  0.000000,  0.000000
23.136000  ,  -0.000000,  0.000000,  -0.000000,  0.000000,  0.000000,  0.000000
23.168000  ,  -0.000000,  0.000000,  -0.000000,  0.000000,  0.000000,  0.000000
23.200000  ,  -0.000000,  0.000000,  -0.000000,  0.000000,  0.000000,  0.000000
23.232000  ,  -0.000000,  0.000000,  -0.000000,  0.000000,  0.000000,  0.000000
23.264000  ,  -0.000000,  0.000000,  -0.000000,  0.000000,  0.000000,  0.000000
23.296000  ,  -0.000000,  0.000000,  -0.000000,  0.000000,  0.000000,  0.000000
23.328000  ,  -0.000000,  0.000000,  -0.000000,  0.000000,  0.000000,  0.000000
23.360000  ,  -0.000000,  0.000000,  -0.000000,  0.000000,  0.000000,  0.000000
23.392000  ,  -0.000000,  0.000000,  -0.000000,  0.000000,  0.000000,  0.000000
23.424000  ,  -0.000000,  0.000000,  -0.000000,  0.000000,  0.000000,  0.000000
23.456000  ,  -0.000000,  0.000000,  -0.000000,  0.000000,  0.000000,  0.000000
23.488000  ,  -0.000000,  0.000000,  -0.000000,  0.000000,  0.000000,  0.000000
23.520000  ,  -0.000000,  0.000000,  -0.000000,  0.000000,  0.000000,  0.000000
23.552000  ,  -0.000000,  0.000000,  -0.000000,  0.000000,  0.000000,  0.000000
23.584000  ,  -0.000000,  0.000000,  -0.000000,  0.000000,  0.000000,  0.000000
23.616000  ,  -0.000000,  0.000000,  -0.000000,  0.000000,  0.000000,  0.000000
23.648000  ,  -0.000000,  0.000000,  -0.000000,  0.000000,  0.000000,  0.000000
23.680000  ,  -0.000000,  0.000000,  -0.000000,  0.000000,  0.000000,  0.000000
23.712000  ,  -0.000000,  0.000000,  -0.000000,  0.000000,  0.000000,  0.000000
23.744000  ,  -0.000000,  0.000000,  -0.000000,  0.000000,  0.000000,  0.000000
23.776000  ,  -0.000000,  0.000000,  -0.000000,  0.000000,  0.000000,  0.000000
23.808000  ,  -0.000000,  0.000000,  -0.000000,  0.000000,  0.000000,  0.000000
23.840000  ,  -0.000000,  0.000000,  -0.000000,  0.000000,  0.000000,  0.000000
23.872000  ,  -0.000000,  0.000000,  -0.000000,  0.000000,  0.000000,  0.000000
23.904000  ,  -0.000000,  0.000000,  -0.000000,  0.000000,  0.000000,  0.000000
23.936000  ,  0.000000,  0.000000,  -0.000000,  0.000000,  0.000000,  0.000000
23.968000  ,  0.000000,  0.000000,  -0.000000,  0.000000,  0.000000,  0.000000
24.000000  ,  0.000000,  0.000000,  -0.000000,  0.000000,  0.000000,  0.000000
24.032000  ,  0.000000,  0.000000,  -0.000000,  0.000000,  0.000000,  0.000000
24.064000  ,  0.000000,  0.000000,  -0.000000,  0.000000,  0.000000,  0.000000
24.096000  ,  0.000000,  0.000000,  -0.000000,  0.000000,  0.000000,  0.000000
24.128000  ,  0.000000,  0.000000,  -0.000000,  0.000000,  0.000000,  0.000000
24.160000  ,  0.000000,  0.000000,  -0.000000,  0.000000,  0.000000,  0.000000
24.192000  ,  0.000000,  0.000000,  -0.000000,  0.000000,  0.000000,  0.000000
24.224000  ,  0.000000,  0.000000,  -0.000000,  0.000000,  0.000000,  0.000000
24.256000  ,  0.000000,  0.000000,  -0.000000,  0.000000,  0.000000,  0.000000
24.288000  ,  0.000000,  0.000000,  -0.000000,  0.000000,  0.000000,  0.000000
24.320000  ,  0.000000,  0.000000,  -0.000000,  0.000000,  0.000000,  0.000000
24.352000  ,  0.000000,  0.000000,  -0.000000,  0.000000,  0.000000,  0.000000
24.384000  ,  0.000000,  0.000000,  -0.000000,  0.000000,  0.000000,  0.000000
24.416000  ,  0.000000,  0.000000,  -0.000000,  0.000000,  0.000000,  0.000000
24.448000  ,  0.000000,  0.000000,  -0.000000,  0.000000,  0.000000,  0.000000
24.480000  ,  0.000000,  0.000000,  -0.000000,  0.000000,  0.000000,  0.000000
24.512000  ,  0.000000,  0.000000,  -0.000000,  0.000000,  0.000000,  0.000000
24.544000  ,  0.000000,  0.000000,  -0.000000,  0.000000,  0.000000,  0.000000
24.576000  ,  0.000000,  0.000000,  -0.000000,  0.000000,  0.000000,  0.000000
24.608000  ,  0.000000,  0.000000,  -0.000000,  0.000000,  0.000000,  0.000000
24.640000  ,  0.000000,  0.000000,  -0.000000,  0.000000,  0.000000,  0.000000
24.672000  ,  0.000000,  0.000000,  -0.000000,  0.000000,  0.000000,  0.000000
24.704000  ,  0.000000,  0.000000,  -0.000000,  0.000000,  0.000000,  0.000000
24.736000  ,  0.000000,  0.000000,  -0.000000,  0.000000,  0.000000,  0.000000
24.768000  ,  0.000000,  0.000000,  -0.000000,  0.000000,  0.000000,  0.000000
24.800000  ,  0.000000,  0.000000,  -0.000000,  0.000000,  0.000000,  0.000000
24.832000  ,  0.000000,  0.000000,  -0.000000,  0.000000,  0.000000,  0.000000
24.864000  ,  0.000000,  0.000000,  -0.000000,  0.000000,  0.000000,  0.000000
24.896000  ,  0.000000,  0.000000,  -0.000000,  0.000000,  0.000000,  0.000000
24.928000  ,  0.000000,  0.000000,  -0.000000,  0.000000,  0.000000,  0.000000
24.960000  ,  0.000000,  0.000000,  -0.000000,  0.000000,  0.000000,  0.000000
24.992000  ,  0.000000,  0.000000,  -0.000000,  0.000000,  0.000000,  0.000000
25.024000  ,  0.000000,  0.000000,  -0.000000,  0.000000,  0.000000,  0.000000
25.056000  ,  0.000000,  0.000000,  -0.000000,  0.000000,  0.000000,  0.000000
25.088000  ,  0.000000,  0.000000,  -0.000000,  0.000000,  0.000000,  0.000000
25.120000  ,  0.000000,  0.000000,  -0.000000,  0.000000,  0.000000,  0.000000
25.152000  ,  0.000000,  0.000000,  -0.000000,  0.000000,  0.000000,  0.000000
25.184000  ,  0.000000,  0.000000,  -0.000000,  0.000000,  0.000000,  0.000000
25.216000  ,  0.000000,  0.000000,  -0.000000,  0.000000,  0.000000,  0.000000
25.248000  ,  0.000000,  0.000000,  -0.000000,  0.000000,  0.000000,  0.000000
25.280000  ,  0.000000,  0.000000,  -0.000000,  0.000000,  0.000000,  0.000000
25.312000  ,  0.000000,  0.000000,  -0.000000,  0.000000,  0.000000,  0.000000
25.344000  ,  0.000000,  0.000000,  -0.000000,  0.000000,  0.000000,  0.000000
25.376000  ,  0.000000,  0.000000,  -0.000000,  0.000000,  0.000000,  0.000000
25.408000  ,  0.000000,  0.000000,  -0.000000,  0.000000,  0.000000,  0.000000
25.440000  ,  0.000000,  0.000000,  -0.000000,  0.000000,  0.000000,  0.000000
25.472000  ,  0.000000,  0.000000,  -0.000000,  0.000000,  0.000000,  0.000000
25.504000  ,  0.000000,  0.000000,  -0.000000,  0.000000,  0.000000,  0.000000
25.536000  ,  0.000000,  0.000000,  -0.000000,  0.000000,  0.000000,  0.000000
25.568000  ,  0.000000,  0.000000,  -0.000000,  0.000000,  0.000000,  0.000000
25.600000  ,  0.000000,  0.000000,  -0.000000,  0.000000,  0.000000,  0.000000
25.632000  ,  0.000000,  0.000000,  -0.000000,  0.000000,  0.000000,  0.000000
25.664000  ,  0.000000,  0.000000,  -0.000000,  0.000000,  0.000000,  0.000000
25.696000  ,  0.000000,  0.000000,  -0.000000,  0.000000,  0.000000,  0.000000
25.728000  ,  0.000000,  0.000000,  -0.000000,  0.000000,  0.000000,  0.000000
25.760000  ,  0.000000,  0.000000,  -0.000000,  0.000000,  0.000000,  0.000000
25.792000  ,  0.000000,  0.000000,  -0.000000,  0.000000,  0.000000,  0.000000
25.824000  ,  0.000000,  0.000000,  -0.000000,  0.000000,  0.000000,  0.000000
25.856000  ,  0.000000,  0.000000,  -0.000000,  0.000000,  0.000000,  0.000000
25.888000  ,  0.000000,  0.000000,  -0.000000,  0.000000,  0.000000,  0.000000
25.920000  ,  0.000000,  0.000000,  -0.000000,  0.000000,  0.000000,  0.000000
25.952000  ,  0.000000,  0.000000,  -0.000000,  0.000000,  0.000000,  0.000000
25.984000  ,  0.000000,  0.000000,  -0.000000,  0.000000,  0.000000,  0.000000
26.016000  ,  0.000000,  0.000000,  -0.000000,  0.000000,  0.000000,  0.000000
26.048000  ,  0.000000,  0.000000,  -0.000000,  0.000000,  0.000000,  0.000000
26.080000  ,  0.000000,  0.000000,  -0.000000,  0.000000,  0.000000,  0.000000
26.112000  ,  0.000000,  0.000000,  -0.000000,  0.000000,  0.000000,  0.000000
26.144000  ,  0.000000,  0.000000,  -0.000000,  0.000000,  0.000000,  0.000000
26.176000  ,  0.000000,  0.000000,  -0.000000,  0.000000,  0.000000,  0.000000
26.208000  ,  0.000000,  0.000000,  -0.000000,  0.000000,  0.000000,  0.000000
26.240000  ,  0.000000,  0.000000,  -0.000000,  0.000000,  0.000000,  0.000000
26.272000  ,  0.000000,  0.000000,  -0.000000,  0.000000,  0.000000,  0.000000
26.304000  ,  0.000000,  0.000000,  -0.000000,  0.000000,  0.000000,  0.000000
26.336000  ,  0.000000,  0.000000,  -0.000000,  0.000000,  0.000000,  0.000000
26.368000  ,  0.000000,  0.000000,  -0.000000,  0.000000,  0.000000,  0.000000
26.400000  ,  0.000000,  0.000000,  -0.000000,  0.000000,  0.000000,  0.000000
26.432000  ,  0.000000,  0.000000,  -0.000000,  0.000000,  0.000000,  0.000000
26.464000  ,  0.000000,  0.000000,  -0.000000,  0.000000,  0.000000,  0.000000
26.496000  ,  0.000000,  0.000000,  -0.000000,  0.000000,  0.000000,  0.000000
26.528000  ,  0.000000,  0.000000,  -0.000000,  0.000000,  0.000000,  0.000000
26.560000  ,  0.000000,  0.000000,  -0.000000,  0.000000,  0.000000,  0.000000
26.592000  ,  0.000000,  0.000000,  -0.000000,  0.000000,  0.000000,  0.000000
26.624000  ,  0.000000,  0.000000,  -0.000000,  0.000000,  0.000000,  0.000000
26.656000  ,  0.000000,  0.000000,  -0.000000,  0.000000,  0.000000,  0.000000
26.688000  ,  0.000000,  0.000000,  -0.000000,  0.000000,  0.000000,  0.000000
26.720000  ,  0.000000,  0.000000,  -0.000000,  0.000000,  0.000000,  0.000000
26.752000  ,  0.000000,  0.000000,  -0.000000,  0.000000,  0.000000,  0.000000
26.784000  ,  0.000000,  0.000000,  -0.000000,  0.000000,  0.000000,  0.000000
26.816000  ,  0.000000,  0.000000,  -0.000000,  0.000000,  0.000000,  0.000000
26.848000  ,  0.000000,  0.000000,  -0.000000,  0.000000,  0.000000,  0.000000
26.880000  ,  0.000000,  0.000000,  -0.000000,  0.000000,  0.000000,  0.000000
26.912000  ,  0.000000,  0.000000,  -0.000000,  0.000000,  0.000000,  0.000000
26.944000  ,  0.000000,  0.000000,  -0.000000,  0.000000,  0.000000,  0.000000
26.976000  ,  0.000000,  0.000000,  -0.000000,  0.000000,  0.000000,  0.000000
27.008000  ,  0.000000,  0.000000,  -0.000000,  0.000000,  0.000000,  0.000000
27.040000  ,  0.000000,  0.000000,  -0.000000,  0.000000,  0.000000,  0.000000
27.072000  ,  0.000000,  0.000000,  -0.000000,  0.000000,  0.000000,  0.000000
27.104000  ,  0.000000,  0.000000,  -0.000000,  0.000000,  0.000000,  0.000000
27.136000  ,  0.000000,  0.000000,  -0.000000,  0.000000,  0.000000,  0.000000
27.168000  ,  0.000000,  0.000000,  -0.000000,  0.000000,  0.000000,  0.000000
27.200000  ,  0.000000,  0.000000,  -0.000000,  0.000000,  0.000000,  0.000000
27.232000  ,  0.000000,  0.000000,  -0.000000,  0.000000,  0.000000,  0.000000
27.264000  ,  0.000000,  0.000000,  -0.000000,  0.000000,  0.000000,  0.000000
27.296000  ,  0.000000,  0.000000,  -0.000000,  0.000000,  0.000000,  0.000000
27.328000  ,  0.000000,  0.000000,  -0.000000,  0.000000,  0.000000,  0.000000
27.360000  ,  0.000000,  0.000000,  -0.000000,  0.000000,  0.000000,  0.000000
27.392000  ,  0.000000,  0.000000,  -0.000000,  0.000000,  0.000000,  0.000000
27.424000  ,  0.000000,  0.000000,  -0.000000,  0.000000,  0.000000,  0.000000
27.456000  ,  0.000000,  0.000000,  -0.000000,  0.000000,  0.000000,  0.000000
27.488000  ,  0.000000,  0.000000,  -0.000000,  0.000000,  0.000000,  0.000000
27.520000  ,  0.000000,  0.000000,  -0.000000,  0.000000,  0.000000,  0.000000
27.552000  ,  0.000000,  0.000000,  -0.000000,  0.000000,  0.000000,  0.000000
27.584000  ,  0.000000,  0.000000,  -0.000000,  0.000000,  0.000000,  0.000000
27.616000  ,  0.000000,  0.000000,  -0.000000,  0.000000,  0.000000,  0.000000
27.648000  ,  0.000000,  0.000000,  -0.000000,  0.000000,  0.000000,  0.000000
27.680000  ,  0.000000,  0.000000,  -0.000000,  0.000000,  0.000000,  0.000000
27.712000  ,  0.000000,  0.000000,  -0.000000,  0.000000,  0.000000,  0.000000
27.744000  ,  0.000000,  0.000000,  -0.000000,  0.000000,  0.000000,  0.000000
27.776000  ,  0.000000,  0.000000,  -0.000000,  0.000000,  0.000000,  0.000000
27.808000  ,  0.000000,  0.000000,  -0.000000,  0.000000,  0.000000,  0.000000
27.840000  ,  0.000000,  0.000000,  -0.000000,  0.000000,  0.000000,  0.000000
27.872000  ,  0.000000,  0.000000,  -0.000000,  0.000000,  0.000000,  0.000000
27.904000  ,  0.000000,  0.000000,  -0.000000,  0.000000,  0.000000,  0.000000
27.936000  ,  0.000000,  0.000000,  -0.000000,  0.000000,  0.000000,  0.000000
27.968000  ,  0.000000,  0.000000,  -0.000000,  0.000000,  0.000000,  0.000000
28.000000  ,  0.000000,  0.000000,  -0.000000,  0.000000,  0.000000,  0.000000
28.032000  ,  0.000000,  0.000000,  -0.000000,  0.000000,  0.000000,  0.000000
28.064000  ,  0.000000,  0.000000,  -0.000000,  0.000000,  0.000000,  0.000000
28.096000  ,  0.000000,  0.000000,  -0.000000,  0.000000,  0.000000,  0.000000
28.128000  ,  0.000000,  0.000000,  -0.000000,  0.000000,  0.000000,  0.000000
28.160000  ,  0.000000,  0.000000,  -0.000000,  0.000000,  0.000000,  0.000000
28.192000  ,  0.000000,  0.000000,  -0.000000,  0.000000,  0.000000,  0.000000
28.224000  ,  0.000000,  0.000000,  -0.000000,  0.000000,  0.000000,  0.000000
28.256000  ,  0.000000,  0.000000,  -0.000000,  0.000000,  0.000000,  0.000000
28.288000  ,  0.000000,  0.000000,  -0.000000,  0.000000,  0.000000,  0.000000
28.320000  ,  0.000000,  0.000000,  -0.000000,  0.000000,  0.000000,  0.000000
28.352000  ,  0.000000,  0.000000,  -0.000000,  0.000000,  0.000000,  0.000000
28.384000  ,  0.000000,  0.000000,  -0.000000,  0.000000,  0.000000,  0.000000
28.416000  ,  0.000000,  0.000000,  -0.000000,  0.000000,  0.000000,  0.000000
28.448000  ,  0.000000,  0.000000,  -0.000000,  0.000000,  0.000000,  0.000000
28.480000  ,  0.000000,  0.000000,  -0.000000,  0.000000,  0.000000,  -0.000000
28.512000  ,  0.000000,  0.000000,  -0.000000,  0.000000,  0.000000,  -0.000000
28.544000  ,  0.000000,  0.000000,  -0.000000,  0.000000,  0.000000,  -0.000000
28.576000  ,  0.000000,  0.000000,  -0.000000,  0.000000,  0.000000,  -0.000000
28.608000  ,  0.000000,  0.000000,  -0.000000,  0.000000,  0.000000,  -0.000000
28.640000  ,  0.000000,  0.000000,  -0.000000,  0.000000,  0.000000,  -0.000000
28.672000  ,  0.000000,  0.000000,  -0.000000,  0.000000,  0.000000,  -0.000000
28.704000  ,  0.000000,  0.000000,  -0.000000,  0.000000,  0.000000,  -0.000000
28.736000  ,  0.000000,  0.000000,  -0.000000,  0.000000,  0.000000,  -0.000000
28.768000  ,  0.000000,  0.000000,  -0.000000,  0.000000,  0.000000,  -0.000000
28.800000  ,  0.000000,  0.000000,  -0.000000,  0.000000,  0.000000,  -0.000000
28.832000  ,  0.000000,  0.000000,  -0.000000,  0.000000,  0.000000,  -0.000000
28.864000  ,  0.000000,  0.000000,  -0.000000,  0.000000,  0.000000,  -0.000000
28.896000  ,  0.000000,  0.000000,  -0.000000,  0.000000,  0.000000,  -0.000000
28.928000  ,  0.000000,  0.000000,  -0.000000,  0.000000,  0.000000,  -0.000000
28.960000  ,  0.000000,  0.000000,  -0.000000,  0.000000,  0.000000,  -0.000000
28.992000  ,  0.000000,  0.000000,  -0.000000,  0.000000,  0.000000,  -0.000000
29.024000  ,  0.000000,  0.000000,  -0.000000,  0.000000,  0.000000,  -0.000000
29.056000  ,  0.000000,  0.000000,  -0.000000,  0.000000,  0.000000,  -0.000000
29.088000  ,  0.000000,  0.000000,  -0.000000,  0.000000,  0.000000,  -0.000000
29.120000  ,  0.000000,  0.000000,  -0.000000,  0.000000,  0.000000,  -0.000000
29.152000  ,  0.000000,  0.000000,  -0.000000,  0.000000,  0.000000,  -0.000000
29.184000  ,  0.000000,  0.000000,  -0.000000,  0.000000,  0.000000,  -0.000000
29.216000  ,  0.000000,  0.000000,  -0.000000,  0.000000,  0.000000,  -0.000000
29.248000  ,  0.000000,  0.000000,  -0.000000,  0.000000,  0.000000,  -0.000000
29.280000  ,  0.000000,  0.000000,  -0.000000,  0.000000,  0.000000,  -0.000000
29.312000  ,  0.000000,  0.000000,  -0.000000,  0.000000,  0.000000,  -0.000000
29.344000  ,  0.000000,  0.000000,  -0.000000,  0.000000,  0.000000,  -0.000000
29.376000  ,  0.000000,  0.000000,  -0.000000,  0.000000,  0.000000,  -0.000000
29.408000  ,  0.000000,  0.000000,  -0.000000,  0.000000,  0.000000,  -0.000000
29.440000  ,  0.000000,  0.000000,  -0.000000,  0.000000,  0.000000,  -0.000000
29.472000  ,  0.000000,  0.000000,  -0.000000,  0.000000,  0.000000,  -0.000000
29.504000  ,  0.000000,  0.000000,  -0.000000,  0.000000,  0.000000,  -0.000000
29.536000  ,  0.000000,  0.000000,  -0.000000,  0.000000,  0.000000,  -0.000000
29.568000  ,  0.000000,  0.000000,  -0.000000,  0.000000,  0.000000,  0.000000
29.600000  ,  0.000000,  0.000000,  -0.000000,  0.000000,  0.000000,  0.000000
29.632000  ,  0.000000,  0.000000,  -0.000000,  0.000000,  0.000000,  0.000000
29.664000  ,  0.000000,  0.000000,  -0.000000,  0.000000,  0.000000,  0.000000
29.696000  ,  0.000000,  0.000000,  -0.000000,  0.000000,  0.000000,  0.000000
29.728000  ,  0.000000,  0.000000,  -0.000000,  0.000000,  0.000000,  0.000000
29.760000  ,  0.000000,  0.000000,  -0.000000,  0.000000,  0.000000,  0.000000
29.792000  ,  0.000000,  0.000000,  -0.000000,  0.000000,  0.000000,  0.000000
29.824000  ,  0.000000,  0.000000,  -0.000000,  0.000000,  0.000000,  0.000000
29.856000  ,  0.000000,  0.000000,  -0.000000,  0.000000,  0.000000,  0.000000
29.888000  ,  0.000000,  0.000000,  -0.000000,  0.000000,  0.000000,  0.000000
29.920000  ,  0.000000,  0.000000,  -0.000000,  0.000000,  0.000000,  0.000000
29.952000  ,  0.000000,  0.000000,  -0.000000,  0.000000,  0.000000,  0.000000
29.984000  ,  0.000000,  0.000000,  -0.000000,  0.000000,  0.000000,  0.000000
