time  , ex  , ey  , ealpha  , evx  £¬eomega  
0.000000  ,  2.000000,  -2.000000,  0.785398,  -0.999997,  -0.938946
0.000284  ,  1.999799,  -2.000201,  0.785131,  -0.683404,  -1.573411
0.001705  ,  1.998795,  -2.000755,  0.782897,  -0.465614,  -1.253448
0.008810  ,  1.993798,  -2.001963,  0.774027,  -0.311441,  -0.560892
0.044333  ,  1.969207,  -2.002251,  0.754409,  -0.184939,  0.210305
0.094333  ,  1.934925,  -1.996264,  0.764200,  -0.074460,  0.901529
0.144333  ,  1.899535,  -1.984842,  0.807278,  0.021394,  1.433289
0.194333  ,  1.861255,  -1.968761,  0.875862,  0.105749,  1.772291
0.244333  ,  1.818475,  -1.948873,  0.960597,  0.182830,  1.920256
0.294333  ,  1.769995,  -1.926046,  1.052239,  0.257278,  1.901321
0.344333  ,  1.715102,  -1.901031,  1.142735,  0.333506,  1.746584
0.394333  ,  1.653533,  -1.874324,  1.225532,  0.415175,  1.497477
0.444333  ,  1.585365,  -1.846076,  1.296166,  0.504852,  1.193651
0.494333  ,  1.510892,  -1.816089,  1.351979,  0.603875,  0.858203
0.544333  ,  1.430570,  -1.783839,  1.391371,  0.712327,  0.508942
0.594333  ,  1.345017,  -1.748540,  1.413764,  0.829075,  0.160478
0.644333  ,  1.255036,  -1.709215,  1.419220,  0.951838,  -0.176652
0.694333  ,  1.161674,  -1.664794,  1.408315,  1.077258,  -0.494122
0.744333  ,  1.066268,  -1.614229,  1.382030,  1.201021,  -0.784449
0.794333  ,  0.970465,  -1.556634,  1.341715,  1.318029,  -1.040398
0.844333  ,  0.876192,  -1.491445,  1.289068,  1.422683,  -1.255143
0.894333  ,  0.785561,  -1.418571,  1.226120,  1.509292,  -1.422925
0.944333  ,  0.700700,  -1.338514,  1.155177,  1.572581,  -1.539896
0.994333  ,  0.623542,  -1.252410,  1.078723,  1.608274,  -1.604809
1.044333  ,  0.555594,  -1.161975,  0.999296,  1.613617,  -1.619376
1.094333  ,  0.497765,  -1.069341,  0.919340,  1.587771,  -1.588196
1.144333  ,  0.450263,  -0.976837,  0.841066,  1.531955,  -1.518287
1.194333  ,  0.412623,  -0.886731,  0.766339,  1.449321,  -1.418335
1.244333  ,  0.383814,  -0.801008,  0.696595,  1.344581,  -1.297798
1.294333  ,  0.362432,  -0.721223,  0.632812,  1.223463,  -1.166035
1.344333  ,  0.346902,  -0.648428,  0.575515,  1.092111,  -1.031551
1.394333  ,  0.335663,  -0.583180,  0.524821,  0.956521,  -0.901457
1.444333  ,  0.327312,  -0.525603,  0.480503,  0.822089,  -0.781144
1.494333  ,  0.320678,  -0.475477,  0.442080,  0.693308,  -0.674172
1.544333  ,  0.314863,  -0.432338,  0.408900,  0.573619,  -0.582337
1.594333  ,  0.309231,  -0.395561,  0.380223,  0.465383,  -0.505878
1.644333  ,  0.303378,  -0.364439,  0.355301,  0.369959,  -0.443802
1.694333  ,  0.297083,  -0.338235,  0.333432,  0.287839,  -0.394260
1.744333  ,  0.290269,  -0.316231,  0.314004,  0.218815,  -0.354948
1.794333  ,  0.282954,  -0.297748,  0.296517,  0.162154,  -0.323457
1.844333  ,  0.275218,  -0.282170,  0.280584,  0.116765,  -0.297564
1.894333  ,  0.267173,  -0.268948,  0.265932,  0.081342,  -0.275408
1.944333  ,  0.258943,  -0.257609,  0.252374,  0.054486,  -0.255585
1.994333  ,  0.250649,  -0.247753,  0.239793,  0.034800,  -0.237146
2.044333  ,  0.242398,  -0.239047,  0.228120,  0.020954,  -0.219551
2.094333  ,  0.234279,  -0.231220,  0.217310,  0.011734,  -0.202579
2.144333  ,  0.226363,  -0.224057,  0.207332,  0.006069,  -0.186234
2.194333  ,  0.218699,  -0.217391,  0.198153,  0.003041,  -0.170649
2.244333  ,  0.211321,  -0.211095,  0.189735,  0.001888,  -0.156017
2.294333  ,  0.204245,  -0.205074,  0.182032,  0.001993,  -0.142526
2.344333  ,  0.197474,  -0.199259,  0.174986,  0.002876,  -0.130326
2.394333  ,  0.191005,  -0.193605,  0.168536,  0.004170,  -0.119509
2.444333  ,  0.184824,  -0.188080,  0.162613,  0.005612,  -0.110099
2.494333  ,  0.178915,  -0.182667,  0.157150,  0.007017,  -0.102062
2.544333  ,  0.173260,  -0.177354,  0.152079,  0.008268,  -0.095310
2.594333  ,  0.167840,  -0.172140,  0.147339,  0.009299,  -0.089718
2.644333  ,  0.162635,  -0.167025,  0.142873,  0.010079,  -0.085137
2.694333  ,  0.157628,  -0.162012,  0.138631,  0.010608,  -0.081406
2.744333  ,  0.152804,  -0.157106,  0.134574,  0.010899,  -0.078367
2.794333  ,  0.148148,  -0.152311,  0.130666,  0.010981,  -0.075866
2.844333  ,  0.143648,  -0.147631,  0.126884,  0.010885,  -0.073768
2.894333  ,  0.139293,  -0.143071,  0.123205,  0.010645,  -0.071955
2.944333  ,  0.135076,  -0.138634,  0.119618,  0.010294,  -0.070328
2.994333  ,  0.130989,  -0.134322,  0.116113,  0.009863,  -0.068809
3.044333  ,  0.127026,  -0.130134,  0.112684,  0.009378,  -0.067342
3.094333  ,  0.123182,  -0.126073,  0.109330,  0.008863,  -0.065882
3.144333  ,  0.119452,  -0.122136,  0.106049,  0.008335,  -0.064405
3.194333  ,  0.115833,  -0.118322,  0.102842,  0.007808,  -0.062895
3.244333  ,  0.112322,  -0.114629,  0.099711,  0.007294,  -0.061347
3.294333  ,  0.108915,  -0.111054,  0.096658,  0.006801,  -0.059761
3.344333  ,  0.105610,  -0.107595,  0.093684,  0.006332,  -0.058145
3.394333  ,  0.102404,  -0.104248,  0.090792,  0.005893,  -0.056507
3.444333  ,  0.099294,  -0.101009,  0.087981,  0.005483,  -0.054859
3.494333  ,  0.096278,  -0.097875,  0.085252,  0.005103,  -0.053211
3.544333  ,  0.093353,  -0.094842,  0.082605,  0.004752,  -0.051575
3.594333  ,  0.090516,  -0.091908,  0.080040,  0.004429,  -0.049959
3.644333  ,  0.087766,  -0.089068,  0.077555,  0.004131,  -0.048372
3.694333  ,  0.085100,  -0.086318,  0.075148,  0.003858,  -0.046821
3.744333  ,  0.082515,  -0.083657,  0.072820,  0.003606,  -0.045310
3.794333  ,  0.080008,  -0.081080,  0.070566,  0.003374,  -0.043845
3.844333  ,  0.077579,  -0.078585,  0.068385,  0.003160,  -0.042426
3.894333  ,  0.075223,  -0.076168,  0.066274,  0.002962,  -0.041055
3.944333  ,  0.072939,  -0.073828,  0.064232,  0.002778,  -0.039732
3.994333  ,  0.070725,  -0.071561,  0.062255,  0.002608,  -0.038457
4.044333  ,  0.068579,  -0.069364,  0.060342,  0.002449,  -0.037229
4.094333  ,  0.066498,  -0.067237,  0.058489,  0.002301,  -0.036045
4.144333  ,  0.064480,  -0.065175,  0.056696,  0.002162,  -0.034906
4.194333  ,  0.062524,  -0.063177,  0.054959,  0.002033,  -0.033807
4.244333  ,  0.060627,  -0.061242,  0.053277,  0.001911,  -0.032748
4.294333  ,  0.058788,  -0.059366,  0.051647,  0.001797,  -0.031726
4.344333  ,  0.057004,  -0.057548,  0.050069,  0.001690,  -0.030740
4.394333  ,  0.055275,  -0.055787,  0.048539,  0.001589,  -0.029788
4.444333  ,  0.053599,  -0.054080,  0.047057,  0.001494,  -0.028868
4.494333  ,  0.051973,  -0.052425,  0.045620,  0.001405,  -0.027978
4.544333  ,  0.050397,  -0.050822,  0.044228,  0.001321,  -0.027117
4.594333  ,  0.048868,  -0.049268,  0.042879,  0.001242,  -0.026284
4.644333  ,  0.047386,  -0.047761,  0.041571,  0.001167,  -0.025477
4.694333  ,  0.045949,  -0.046302,  0.040303,  0.001097,  -0.024696
4.744333  ,  0.044555,  -0.044887,  0.039074,  0.001032,  -0.023939
4.794333  ,  0.043203,  -0.043515,  0.037883,  0.000970,  -0.023206
4.844333  ,  0.041893,  -0.042186,  0.036728,  0.000911,  -0.022496
4.894333  ,  0.040622,  -0.040897,  0.035609,  0.000857,  -0.021807
4.944333  ,  0.039390,  -0.039649,  0.034524,  0.000805,  -0.021140
4.994333  ,  0.038195,  -0.038438,  0.033472,  0.000757,  -0.020493
5.044333  ,  0.037036,  -0.037265,  0.032452,  0.000711,  -0.019867
5.094333  ,  0.035913,  -0.036128,  0.031463,  0.000668,  -0.019259
5.144333  ,  0.034823,  -0.035025,  0.030505,  0.000628,  -0.018670
5.194333  ,  0.033767,  -0.033956,  0.029576,  0.000590,  -0.018100
5.244333  ,  0.032742,  -0.032921,  0.028675,  0.000555,  -0.017546
5.294333  ,  0.031749,  -0.031916,  0.027802,  0.000522,  -0.017010
5.344333  ,  0.030785,  -0.030943,  0.026955,  0.000490,  -0.016491
5.394333  ,  0.029851,  -0.030000,  0.026135,  0.000461,  -0.015987
5.444333  ,  0.028946,  -0.029085,  0.025339,  0.000433,  -0.015499
5.494333  ,  0.028067,  -0.028198,  0.024568,  0.000407,  -0.015026
5.544333  ,  0.027216,  -0.027339,  0.023820,  0.000383,  -0.014567
5.594333  ,  0.026390,  -0.026505,  0.023095,  0.000360,  -0.014123
5.644333  ,  0.025589,  -0.025698,  0.022392,  0.000338,  -0.013692
5.694333  ,  0.024812,  -0.024915,  0.021711,  0.000318,  -0.013274
5.744333  ,  0.024059,  -0.024155,  0.021050,  0.000299,  -0.012870
5.794333  ,  0.023329,  -0.023419,  0.020410,  0.000281,  -0.012477
5.844333  ,  0.022621,  -0.022706,  0.019789,  0.000264,  -0.012097
5.894333  ,  0.021934,  -0.022014,  0.019187,  0.000248,  -0.011728
5.944333  ,  0.021269,  -0.021344,  0.018603,  0.000233,  -0.011371
5.994333  ,  0.020623,  -0.020694,  0.018038,  0.000219,  -0.011025
6.044333  ,  0.019997,  -0.020063,  0.017489,  0.000206,  -0.010689
6.094333  ,  0.019390,  -0.019452,  0.016957,  0.000194,  -0.010363
6.144333  ,  0.018801,  -0.018860,  0.016441,  0.000182,  -0.010048
6.194333  ,  0.018231,  -0.018286,  0.015941,  0.000171,  -0.009742
6.244333  ,  0.017677,  -0.017729,  0.015457,  0.000161,  -0.009445
6.294333  ,  0.017141,  -0.017189,  0.014986,  0.000151,  -0.009158
6.344333  ,  0.016620,  -0.016666,  0.014531,  0.000142,  -0.008879
6.394333  ,  0.016116,  -0.016159,  0.014089,  0.000134,  -0.008609
6.444333  ,  0.015626,  -0.015667,  0.013660,  0.000126,  -0.008347
6.494333  ,  0.015152,  -0.015190,  0.013245,  0.000118,  -0.008093
6.544333  ,  0.014692,  -0.014728,  0.012842,  0.000111,  -0.007846
6.594333  ,  0.014246,  -0.014279,  0.012452,  0.000105,  -0.007608
6.644333  ,  0.013813,  -0.013845,  0.012073,  0.000098,  -0.007376
6.694333  ,  0.013394,  -0.013423,  0.011706,  0.000092,  -0.007152
6.744333  ,  0.012987,  -0.013015,  0.011350,  0.000087,  -0.006934
6.794333  ,  0.012593,  -0.012619,  0.011005,  0.000082,  -0.006723
6.844333  ,  0.012210,  -0.012235,  0.010671,  0.000077,  -0.006519
6.894333  ,  0.011839,  -0.011863,  0.010346,  0.000072,  -0.006321
6.944333  ,  0.011480,  -0.011502,  0.010032,  0.000068,  -0.006128
6.994333  ,  0.011131,  -0.011152,  0.009727,  0.000064,  -0.005942
7.044333  ,  0.010793,  -0.010812,  0.009431,  0.000060,  -0.005761
7.094333  ,  0.010465,  -0.010484,  0.009144,  0.000056,  -0.005586
7.144333  ,  0.010148,  -0.010165,  0.008866,  0.000053,  -0.005416
7.194333  ,  0.009839,  -0.009855,  0.008597,  0.000050,  -0.005251
7.244333  ,  0.009540,  -0.009556,  0.008335,  0.000047,  -0.005092
7.294333  ,  0.009251,  -0.009265,  0.008082,  0.000044,  -0.004937
7.344333  ,  0.008970,  -0.008983,  0.007836,  0.000041,  -0.004787
7.394333  ,  0.008697,  -0.008710,  0.007598,  0.000039,  -0.004641
7.444333  ,  0.008433,  -0.008445,  0.007367,  0.000037,  -0.004500
7.494333  ,  0.008177,  -0.008188,  0.007143,  0.000034,  -0.004363
7.544333  ,  0.007929,  -0.007939,  0.006926,  0.000032,  -0.004231
7.594333  ,  0.007688,  -0.007697,  0.006716,  0.000030,  -0.004102
7.644333  ,  0.007454,  -0.007463,  0.006511,  0.000029,  -0.003977
7.694333  ,  0.007228,  -0.007236,  0.006314,  0.000027,  -0.003856
7.744333  ,  0.007008,  -0.007016,  0.006122,  0.000025,  -0.003739
7.794333  ,  0.006795,  -0.006803,  0.005936,  0.000024,  -0.003625
7.844333  ,  0.006589,  -0.006596,  0.005755,  0.000022,  -0.003515
7.894333  ,  0.006389,  -0.006395,  0.005580,  0.000021,  -0.003408
7.944333  ,  0.006195,  -0.006201,  0.005411,  0.000020,  -0.003305
7.994333  ,  0.006006,  -0.006012,  0.005246,  0.000019,  -0.003204
8.044333  ,  0.005824,  -0.005830,  0.005087,  0.000017,  -0.003107
8.094333  ,  0.005647,  -0.005652,  0.004932,  0.000016,  -0.003012
8.144333  ,  0.005475,  -0.005480,  0.004782,  0.000015,  -0.002921
8.194333  ,  0.005309,  -0.005314,  0.004637,  0.000014,  -0.002832
8.244333  ,  0.005148,  -0.005152,  0.004496,  0.000014,  -0.002746
8.294333  ,  0.004991,  -0.004995,  0.004359,  0.000013,  -0.002663
8.344333  ,  0.004840,  -0.004844,  0.004227,  0.000012,  -0.002582
8.394333  ,  0.004693,  -0.004696,  0.004098,  0.000011,  -0.002503
8.444333  ,  0.004550,  -0.004554,  0.003974,  0.000011,  -0.002427
8.494333  ,  0.004412,  -0.004415,  0.003853,  0.000010,  -0.002353
8.544333  ,  0.004278,  -0.004281,  0.003736,  0.000009,  -0.002282
8.594333  ,  0.004148,  -0.004151,  0.003622,  0.000009,  -0.002212
8.644333  ,  0.004022,  -0.004024,  0.003512,  0.000008,  -0.002145
8.694333  ,  0.003900,  -0.003902,  0.003405,  0.000008,  -0.002080
8.744333  ,  0.003781,  -0.003783,  0.003302,  0.000007,  -0.002017
8.794333  ,  0.003666,  -0.003668,  0.003201,  0.000007,  -0.001955
8.844333  ,  0.003555,  -0.003557,  0.003104,  0.000006,  -0.001896
8.894333  ,  0.003447,  -0.003449,  0.003010,  0.000006,  -0.001838
8.944333  ,  0.003342,  -0.003344,  0.002918,  0.000006,  -0.001782
8.994333  ,  0.003240,  -0.003242,  0.002830,  0.000005,  -0.001728
9.044333  ,  0.003142,  -0.003144,  0.002744,  0.000005,  -0.001676
9.094333  ,  0.003047,  -0.003048,  0.002660,  0.000005,  -0.001625
9.144333  ,  0.002954,  -0.002955,  0.002579,  0.000004,  -0.001575
9.194333  ,  0.002864,  -0.002866,  0.002501,  0.000004,  -0.001528
9.244333  ,  0.002777,  -0.002778,  0.002425,  0.000004,  -0.001481
9.294333  ,  0.002693,  -0.002694,  0.002351,  0.000004,  -0.001436
9.344333  ,  0.002611,  -0.002612,  0.002280,  0.000004,  -0.001392
9.394333  ,  0.002532,  -0.002533,  0.002210,  0.000003,  -0.001350
9.444333  ,  0.002455,  -0.002456,  0.002143,  0.000003,  -0.001309
9.494333  ,  0.002380,  -0.002381,  0.002078,  0.000003,  -0.001269
9.544333  ,  0.002308,  -0.002309,  0.002015,  0.000003,  -0.001231
9.594333  ,  0.002238,  -0.002238,  0.001954,  0.000003,  -0.001193
9.644333  ,  0.002170,  -0.002170,  0.001894,  0.000002,  -0.001157
9.694333  ,  0.002104,  -0.002104,  0.001837,  0.000002,  -0.001122
9.744333  ,  0.002040,  -0.002040,  0.001781,  0.000002,  -0.001088
9.794333  ,  0.001978,  -0.001978,  0.001727,  0.000002,  -0.001055
9.844333  ,  0.001918,  -0.001918,  0.001674,  0.000002,  -0.001023
9.894333  ,  0.001859,  -0.001860,  0.001623,  0.000002,  -0.000992
9.944333  ,  0.001803,  -0.001803,  0.001574,  0.000002,  -0.000961
9.994333  ,  0.001748,  -0.001749,  0.001526,  0.000002,  -0.000932
10.044333  ,  0.001695,  -0.001695,  0.001480,  0.000001,  -0.000904
10.094333  ,  0.001643,  -0.001644,  0.001435,  0.000001,  -0.000876
10.144333  ,  0.001594,  -0.001594,  0.001391,  0.000001,  -0.000850
10.194333  ,  0.001545,  -0.001545,  0.001349,  0.000001,  -0.000824
10.244333  ,  0.001498,  -0.001499,  0.001308,  0.000001,  -0.000799
10.294333  ,  0.001453,  -0.001453,  0.001268,  0.000001,  -0.000775
10.344333  ,  0.001408,  -0.001409,  0.001230,  0.000001,  -0.000751
10.394333  ,  0.001366,  -0.001366,  0.001192,  0.000001,  -0.000728
10.444333  ,  0.001324,  -0.001324,  0.001156,  0.000001,  -0.000706
10.494333  ,  0.001284,  -0.001284,  0.001121,  0.000001,  -0.000685
10.544333  ,  0.001245,  -0.001245,  0.001087,  0.000001,  -0.000664
10.594333  ,  0.001207,  -0.001207,  0.001054,  0.000001,  -0.000644
10.644333  ,  0.001170,  -0.001171,  0.001022,  0.000001,  -0.000624
10.694333  ,  0.001135,  -0.001135,  0.000991,  0.000001,  -0.000605
10.744333  ,  0.001100,  -0.001101,  0.000961,  0.000001,  -0.000587
10.794333  ,  0.001067,  -0.001067,  0.000931,  0.000001,  -0.000569
10.844333  ,  0.001034,  -0.001035,  0.000903,  0.000001,  -0.000552
10.894333  ,  0.001003,  -0.001003,  0.000876,  0.000001,  -0.000535
10.944333  ,  0.000973,  -0.000973,  0.000849,  0.000000,  -0.000519
10.994333  ,  0.000943,  -0.000943,  0.000823,  0.000000,  -0.000503
11.044333  ,  0.000914,  -0.000914,  0.000798,  0.000000,  -0.000488
11.094333  ,  0.000887,  -0.000887,  0.000774,  0.000000,  -0.000473
11.144333  ,  0.000860,  -0.000860,  0.000750,  0.000000,  -0.000458
11.194333  ,  0.000833,  -0.000834,  0.000728,  0.000000,  -0.000444
11.244333  ,  0.000808,  -0.000808,  0.000706,  0.000000,  -0.000431
11.294333  ,  0.000784,  -0.000784,  0.000684,  0.000000,  -0.000418
11.344333  ,  0.000760,  -0.000760,  0.000663,  0.000000,  -0.000405
11.394333  ,  0.000737,  -0.000737,  0.000643,  0.000000,  -0.000393
11.444333  ,  0.000714,  -0.000714,  0.000624,  0.000000,  -0.000381
11.494333  ,  0.000693,  -0.000693,  0.000605,  0.000000,  -0.000369
11.544333  ,  0.000672,  -0.000672,  0.000586,  0.000000,  -0.000358
11.594333  ,  0.000651,  -0.000651,  0.000568,  0.000000,  -0.000347
11.644333  ,  0.000631,  -0.000631,  0.000551,  0.000000,  -0.000337
11.694333  ,  0.000612,  -0.000612,  0.000534,  0.000000,  -0.000326
11.744333  ,  0.000594,  -0.000594,  0.000518,  0.000000,  -0.000316
11.794333  ,  0.000575,  -0.000576,  0.000502,  0.000000,  -0.000307
11.844333  ,  0.000558,  -0.000558,  0.000487,  0.000000,  -0.000298
11.894333  ,  0.000541,  -0.000541,  0.000472,  0.000000,  -0.000288
11.944333  ,  0.000525,  -0.000525,  0.000458,  0.000000,  -0.000280
11.994333  ,  0.000509,  -0.000509,  0.000444,  0.000000,  -0.000271
12.044333  ,  0.000493,  -0.000493,  0.000431,  0.000000,  -0.000263
12.094333  ,  0.000478,  -0.000478,  0.000417,  0.000000,  -0.000255
12.144333  ,  0.000464,  -0.000464,  0.000405,  0.000000,  -0.000247
12.194333  ,  0.000450,  -0.000450,  0.000392,  0.000000,  -0.000240
12.244333  ,  0.000436,  -0.000436,  0.000381,  0.000000,  -0.000232
12.294333  ,  0.000423,  -0.000423,  0.000369,  0.000000,  -0.000225
12.344333  ,  0.000410,  -0.000410,  0.000358,  0.000000,  -0.000219
12.394333  ,  0.000397,  -0.000397,  0.000347,  0.000000,  -0.000212
12.444333  ,  0.000385,  -0.000385,  0.000336,  0.000000,  -0.000205
12.494333  ,  0.000374,  -0.000374,  0.000326,  0.000000,  -0.000199
12.544333  ,  0.000362,  -0.000362,  0.000316,  0.000000,  -0.000193
12.594333  ,  0.000351,  -0.000351,  0.000307,  0.000000,  -0.000187
12.644333  ,  0.000341,  -0.000341,  0.000297,  0.000000,  -0.000182
12.694333  ,  0.000330,  -0.000330,  0.000288,  0.000000,  -0.000176
12.744333  ,  0.000320,  -0.000320,  0.000279,  0.000000,  -0.000171
12.794333  ,  0.000310,  -0.000310,  0.000271,  0.000000,  -0.000166
12.844333  ,  0.000301,  -0.000301,  0.000263,  0.000000,  -0.000160
12.894333  ,  0.000292,  -0.000292,  0.000255,  0.000000,  -0.000156
12.944333  ,  0.000283,  -0.000283,  0.000247,  0.000000,  -0.000151
12.994333  ,  0.000274,  -0.000274,  0.000240,  0.000000,  -0.000146
13.044333  ,  0.000266,  -0.000266,  0.000232,  0.000000,  -0.000142
13.094333  ,  0.000258,  -0.000258,  0.000225,  0.000000,  -0.000138
13.144333  ,  0.000250,  -0.000250,  0.000218,  0.000000,  -0.000133
13.194333  ,  0.000242,  -0.000243,  0.000212,  0.000000,  -0.000129
13.244333  ,  0.000235,  -0.000235,  0.000205,  0.000000,  -0.000125
13.294333  ,  0.000228,  -0.000228,  0.000199,  0.000000,  -0.000122
13.344333  ,  0.000221,  -0.000221,  0.000193,  0.000000,  -0.000118
13.394333  ,  0.000214,  -0.000214,  0.000187,  0.000000,  -0.000114
13.444333  ,  0.000208,  -0.000208,  0.000181,  0.000000,  -0.000111
13.494333  ,  0.000202,  -0.000202,  0.000176,  0.000000,  -0.000107
13.544333  ,  0.000195,  -0.000195,  0.000171,  0.000000,  -0.000104
13.594333  ,  0.000189,  -0.000189,  0.000165,  0.000000,  -0.000101
13.644333  ,  0.000184,  -0.000184,  0.000160,  0.000000,  -0.000098
13.694333  ,  0.000178,  -0.000178,  0.000155,  0.000000,  -0.000095
13.744333  ,  0.000173,  -0.000173,  0.000151,  0.000000,  -0.000092
13.794333  ,  0.000167,  -0.000167,  0.000146,  0.000000,  -0.000089
13.844333  ,  0.000162,  -0.000162,  0.000142,  0.000000,  -0.000087
13.894333  ,  0.000157,  -0.000157,  0.000137,  0.000000,  -0.000084
13.944333  ,  0.000153,  -0.000153,  0.000133,  0.000000,  -0.000081
13.994333  ,  0.000148,  -0.000148,  0.000129,  0.000000,  -0.000079
14.044333  ,  0.000143,  -0.000143,  0.000125,  0.000000,  -0.000077
14.094333  ,  0.000139,  -0.000139,  0.000121,  0.000000,  -0.000074
14.144333  ,  0.000135,  -0.000135,  0.000118,  0.000000,  -0.000072
14.194333  ,  0.000131,  -0.000131,  0.000114,  0.000000,  -0.000070
14.244333  ,  0.000127,  -0.000127,  0.000111,  0.000000,  -0.000068
14.294333  ,  0.000123,  -0.000123,  0.000107,  0.000000,  -0.000066
14.344333  ,  0.000119,  -0.000119,  0.000104,  0.000000,  -0.000064
14.394333  ,  0.000116,  -0.000116,  0.000101,  0.000000,  -0.000062
14.444333  ,  0.000112,  -0.000112,  0.000098,  0.000000,  -0.000060
14.494333  ,  0.000109,  -0.000109,  0.000095,  0.000000,  -0.000058
14.544333  ,  0.000105,  -0.000105,  0.000092,  0.000000,  -0.000056
14.594333  ,  0.000102,  -0.000102,  0.000089,  0.000000,  -0.000054
14.644333  ,  0.000099,  -0.000099,  0.000086,  0.000000,  -0.000053
14.694333  ,  0.000096,  -0.000096,  0.000084,  0.000000,  -0.000051
14.744333  ,  0.000093,  -0.000093,  0.000081,  0.000000,  -0.000050
14.794333  ,  0.000090,  -0.000090,  0.000079,  0.000000,  -0.000048
14.844333  ,  0.000088,  -0.000088,  0.000076,  0.000000,  -0.000047
14.894333  ,  0.000085,  -0.000085,  0.000074,  0.000000,  -0.000045
14.944333  ,  0.000082,  -0.000082,  0.000072,  0.000000,  -0.000044
14.994333  ,  0.000080,  -0.000080,  0.000070,  0.000000,  -0.000043
15.000000  ,  0.000080,  -0.000080,  0.000069,  0.000000,  -0.000042
