time  , ref_x  , ref_y  , ref_alpha  , x  , y  , alpha  , ref_vx  , ref_vy  , ref_omega  , vx  , vy  , omega  
0.000000  ,  0.000000,  0.000000,  0.785398,  2.000000,  -2.000000,  1.570796,  1.000000,  0.000000,  0.000000,  0.000003,  0.000000,  -0.938946
0.000284  ,  0.000201,  0.000201,  0.785398,  2.000000,  -2.000000,  1.570530,  1.000000,  0.000000,  0.000000,  0.316596,  0.000000,  -1.573411
0.001705  ,  0.001206,  0.001206,  0.785398,  2.000001,  -1.999549,  1.568295,  1.000000,  0.000000,  0.000000,  0.534386,  0.000000,  -1.253448
0.008810  ,  0.006229,  0.006229,  0.785398,  2.000027,  -1.995734,  1.559426,  1.000000,  0.000000,  0.000000,  0.688559,  0.000000,  -0.560892
0.044333  ,  0.031348,  0.031348,  0.785398,  2.000556,  -1.970902,  1.539807,  1.000000,  0.000000,  0.000000,  0.815061,  0.000000,  0.210305
0.094333  ,  0.066704,  0.066704,  0.785398,  2.001629,  -1.929561,  1.549598,  1.000000,  0.000000,  0.000000,  0.925540,  0.000000,  0.901529
0.144333  ,  0.102059,  0.102059,  0.785398,  2.001594,  -1.882783,  1.592676,  1.000000,  0.000000,  0.000000,  1.021394,  0.000000,  1.433289
0.194333  ,  0.137414,  0.137414,  0.785398,  1.998670,  -1.831346,  1.661261,  1.000000,  0.000000,  0.000000,  1.105749,  0.000000,  1.772291
0.244333  ,  0.172770,  0.172770,  0.785398,  1.991245,  -1.776103,  1.745995,  1.000000,  0.000000,  0.000000,  1.182830,  0.000000,  1.920256
0.294333  ,  0.208125,  0.208125,  0.785398,  1.978120,  -1.717921,  1.837637,  1.000000,  0.000000,  0.000000,  1.257278,  0.000000,  1.901321
0.344333  ,  0.243480,  0.243480,  0.785398,  1.958582,  -1.657551,  1.928133,  1.000000,  0.000000,  0.000000,  1.333506,  0.000000,  1.746584
0.394333  ,  0.278836,  0.278836,  0.785398,  1.932369,  -1.595488,  2.010930,  1.000000,  0.000000,  0.000000,  1.415175,  0.000000,  1.497477
0.444333  ,  0.314191,  0.314191,  0.785398,  1.899556,  -1.531885,  2.081564,  1.000000,  0.000000,  0.000000,  1.504852,  0.000000,  1.193651
0.494333  ,  0.349546,  0.349546,  0.785398,  1.860438,  -1.466542,  2.137377,  1.000000,  0.000000,  0.000000,  1.603875,  0.000000,  0.858203
0.544333  ,  0.384902,  0.384902,  0.785398,  1.815472,  -1.398937,  2.176769,  1.000000,  0.000000,  0.000000,  1.712327,  0.000000,  0.508942
0.594333  ,  0.420257,  0.420257,  0.785398,  1.765274,  -1.328282,  2.199162,  1.000000,  0.000000,  0.000000,  1.829075,  0.000000,  0.160478
0.644333  ,  0.455612,  0.455612,  0.785398,  1.710648,  -1.253602,  2.204618,  1.000000,  0.000000,  0.000000,  1.951838,  0.000000,  -0.176652
0.694333  ,  0.490968,  0.490968,  0.785398,  1.652642,  -1.173826,  2.193713,  1.000000,  0.000000,  0.000000,  2.077258,  0.000000,  -0.494122
0.744333  ,  0.526323,  0.526323,  0.785398,  1.592591,  -1.087906,  2.167428,  1.000000,  0.000000,  0.000000,  2.201021,  0.000000,  -0.784449
0.794333  ,  0.561678,  0.561678,  0.785398,  1.532143,  -0.994956,  2.127113,  1.000000,  0.000000,  0.000000,  2.318029,  0.000000,  -1.040398
0.844333  ,  0.597034,  0.597034,  0.785398,  1.473226,  -0.894411,  2.074466,  1.000000,  0.000000,  0.000000,  2.422683,  0.000000,  -1.255143
0.894333  ,  0.632389,  0.632389,  0.785398,  1.417950,  -0.786182,  2.011518,  1.000000,  0.000000,  0.000000,  2.509292,  0.000000,  -1.422925
0.944333  ,  0.667744,  0.667744,  0.785398,  1.368445,  -0.670770,  1.940575,  1.000000,  0.000000,  0.000000,  2.572581,  0.000000,  -1.539896
0.994333  ,  0.703100,  0.703100,  0.785398,  1.326641,  -0.549311,  1.864121,  1.000000,  0.000000,  0.000000,  2.608274,  0.000000,  -1.604809
1.044333  ,  0.738455,  0.738455,  0.785398,  1.294049,  -0.423519,  1.784694,  1.000000,  0.000000,  0.000000,  2.613617,  0.000000,  -1.619376
1.094333  ,  0.773810,  0.773810,  0.785398,  1.271575,  -0.295531,  1.704738,  1.000000,  0.000000,  0.000000,  2.587771,  0.000000,  -1.588196
1.144333  ,  0.809166,  0.809166,  0.785398,  1.259429,  -0.167671,  1.626464,  1.000000,  0.000000,  0.000000,  2.531955,  0.000000,  -1.518287
1.194333  ,  0.844521,  0.844521,  0.785398,  1.257144,  -0.042209,  1.551737,  1.000000,  0.000000,  0.000000,  2.449321,  0.000000,  -1.418335
1.244333  ,  0.879876,  0.879876,  0.785398,  1.263690,  0.078868,  1.481993,  1.000000,  0.000000,  0.000000,  2.344581,  0.000000,  -1.297798
1.294333  ,  0.915232,  0.915232,  0.785398,  1.277663,  0.194009,  1.418210,  1.000000,  0.000000,  0.000000,  2.223463,  0.000000,  -1.166035
1.344333  ,  0.950587,  0.950587,  0.785398,  1.297489,  0.302159,  1.360914,  1.000000,  0.000000,  0.000000,  2.092111,  0.000000,  -1.031551
1.394333  ,  0.985942,  0.985942,  0.785398,  1.321606,  0.402763,  1.310219,  1.000000,  0.000000,  0.000000,  1.956521,  0.000000,  -0.901457
1.444333  ,  1.021298,  1.021298,  0.785398,  1.348609,  0.495695,  1.265901,  1.000000,  0.000000,  0.000000,  1.822089,  0.000000,  -0.781144
1.494333  ,  1.056653,  1.056653,  0.785398,  1.377331,  0.581176,  1.227479,  1.000000,  0.000000,  0.000000,  1.693308,  0.000000,  -0.674172
1.544333  ,  1.092009,  1.092009,  0.785398,  1.406872,  0.659670,  1.194298,  1.000000,  0.000000,  0.000000,  1.573619,  0.000000,  -0.582337
1.594333  ,  1.127364,  1.127364,  0.785398,  1.436595,  0.731803,  1.165621,  1.000000,  0.000000,  0.000000,  1.465383,  0.000000,  -0.505878
1.644333  ,  1.162719,  1.162719,  0.785398,  1.466097,  0.798281,  1.140699,  1.000000,  0.000000,  0.000000,  1.369959,  0.000000,  -0.443802
1.694333  ,  1.198075,  1.198075,  0.785398,  1.495157,  0.859839,  1.118831,  1.000000,  0.000000,  0.000000,  1.287839,  0.000000,  -0.394260
1.744333  ,  1.233430,  1.233430,  0.785398,  1.523698,  0.917199,  1.099403,  1.000000,  0.000000,  0.000000,  1.218815,  0.000000,  -0.354948
1.794333  ,  1.268785,  1.268785,  0.785398,  1.551739,  0.971037,  1.081915,  1.000000,  0.000000,  0.000000,  1.162154,  0.000000,  -0.323457
1.844333  ,  1.304141,  1.304141,  0.785398,  1.579358,  1.021971,  1.065983,  1.000000,  0.000000,  0.000000,  1.116765,  0.000000,  -0.297564
1.894333  ,  1.339496,  1.339496,  0.785398,  1.606669,  1.070548,  1.051330,  1.000000,  0.000000,  0.000000,  1.081342,  0.000000,  -0.275408
1.944333  ,  1.374851,  1.374851,  0.785398,  1.633795,  1.117242,  1.037772,  1.000000,  0.000000,  0.000000,  1.054486,  0.000000,  -0.255585
1.994333  ,  1.410207,  1.410207,  0.785398,  1.660856,  1.162453,  1.025191,  1.000000,  0.000000,  0.000000,  1.034800,  0.000000,  -0.237146
2.044333  ,  1.445562,  1.445562,  0.785398,  1.687960,  1.206515,  1.013518,  1.000000,  0.000000,  0.000000,  1.020954,  0.000000,  -0.219551
2.094333  ,  1.480917,  1.480917,  0.785398,  1.715196,  1.249698,  1.002708,  1.000000,  0.000000,  0.000000,  1.011734,  0.000000,  -0.202579
2.144333  ,  1.516273,  1.516273,  0.785398,  1.742635,  1.292216,  0.992730,  1.000000,  0.000000,  0.000000,  1.006069,  0.000000,  -0.186234
2.194333  ,  1.551628,  1.551628,  0.785398,  1.770327,  1.334237,  0.983551,  1.000000,  0.000000,  0.000000,  1.003041,  0.000000,  -0.170649
2.244333  ,  1.586983,  1.586983,  0.785398,  1.798304,  1.375888,  0.975133,  1.000000,  0.000000,  0.000000,  1.001888,  0.000000,  -0.156017
2.294333  ,  1.622339,  1.622339,  0.785398,  1.826583,  1.417265,  0.967430,  1.000000,  0.000000,  0.000000,  1.001993,  0.000000,  -0.142526
2.344333  ,  1.657694,  1.657694,  0.785398,  1.855168,  1.458435,  0.960384,  1.000000,  0.000000,  0.000000,  1.002876,  0.000000,  -0.130326
2.394333  ,  1.693049,  1.693049,  0.785398,  1.884054,  1.499444,  0.953934,  1.000000,  0.000000,  0.000000,  1.004170,  0.000000,  -0.119509
2.444333  ,  1.728405,  1.728405,  0.785398,  1.913228,  1.540324,  0.948012,  1.000000,  0.000000,  0.000000,  1.005612,  0.000000,  -0.110099
2.494333  ,  1.763760,  1.763760,  0.785398,  1.942675,  1.581093,  0.942548,  1.000000,  0.000000,  0.000000,  1.007017,  0.000000,  -0.102062
2.544333  ,  1.799115,  1.799115,  0.785398,  1.972375,  1.621761,  0.937478,  1.000000,  0.000000,  0.000000,  1.008268,  0.000000,  -0.095310
2.594333  ,  1.834471,  1.834471,  0.785398,  2.002310,  1.662330,  0.932737,  1.000000,  0.000000,  0.000000,  1.009299,  0.000000,  -0.089718
2.644333  ,  1.869826,  1.869826,  0.785398,  2.032461,  1.702801,  0.928271,  1.000000,  0.000000,  0.000000,  1.010079,  0.000000,  -0.085137
2.694333  ,  1.905181,  1.905181,  0.785398,  2.062810,  1.743169,  0.924029,  1.000000,  0.000000,  0.000000,  1.010608,  0.000000,  -0.081406
2.744333  ,  1.940537,  1.940537,  0.785398,  2.093341,  1.783431,  0.919972,  1.000000,  0.000000,  0.000000,  1.010899,  0.000000,  -0.078367
2.794333  ,  1.975892,  1.975892,  0.785398,  2.124040,  1.823581,  0.916065,  1.000000,  0.000000,  0.000000,  1.010981,  0.000000,  -0.075866
2.844333  ,  2.011247,  2.011247,  0.785398,  2.154895,  1.863616,  0.912282,  1.000000,  0.000000,  0.000000,  1.010885,  0.000000,  -0.073768
2.894333  ,  2.046603,  2.046603,  0.785398,  2.185896,  1.903531,  0.908604,  1.000000,  0.000000,  0.000000,  1.010645,  0.000000,  -0.071955
2.944333  ,  2.081958,  2.081958,  0.785398,  2.217034,  1.943324,  0.905016,  1.000000,  0.000000,  0.000000,  1.010294,  0.000000,  -0.070328
2.994333  ,  2.117313,  2.117313,  0.785398,  2.248302,  1.982992,  0.901511,  1.000000,  0.000000,  0.000000,  1.009863,  0.000000,  -0.068809
3.044333  ,  2.152669,  2.152669,  0.785398,  2.279695,  2.022534,  0.898082,  1.000000,  0.000000,  0.000000,  1.009378,  0.000000,  -0.067342
3.094333  ,  2.188024,  2.188024,  0.785398,  2.311206,  2.061951,  0.894728,  1.000000,  0.000000,  0.000000,  1.008863,  0.000000,  -0.065882
3.144333  ,  2.223379,  2.223379,  0.785398,  2.342832,  2.101244,  0.891447,  1.000000,  0.000000,  0.000000,  1.008335,  0.000000,  -0.064405
3.194333  ,  2.258735,  2.258735,  0.785398,  2.374568,  2.140413,  0.888240,  1.000000,  0.000000,  0.000000,  1.007808,  0.000000,  -0.062895
3.244333  ,  2.294090,  2.294090,  0.785398,  2.406412,  2.179461,  0.885109,  1.000000,  0.000000,  0.000000,  1.007294,  0.000000,  -0.061347
3.294333  ,  2.329445,  2.329445,  0.785398,  2.438361,  2.218391,  0.882056,  1.000000,  0.000000,  0.000000,  1.006801,  0.000000,  -0.059761
3.344333  ,  2.364801,  2.364801,  0.785398,  2.470411,  2.257206,  0.879083,  1.000000,  0.000000,  0.000000,  1.006332,  0.000000,  -0.058145
3.394333  ,  2.400156,  2.400156,  0.785398,  2.502560,  2.295908,  0.876190,  1.000000,  0.000000,  0.000000,  1.005893,  0.000000,  -0.056507
3.444333  ,  2.435511,  2.435511,  0.785398,  2.534805,  2.334503,  0.873379,  1.000000,  0.000000,  0.000000,  1.005483,  0.000000,  -0.054859
3.494333  ,  2.470867,  2.470867,  0.785398,  2.567144,  2.372992,  0.870650,  1.000000,  0.000000,  0.000000,  1.005103,  0.000000,  -0.053211
3.544333  ,  2.506222,  2.506222,  0.785398,  2.599575,  2.411380,  0.868003,  1.000000,  0.000000,  0.000000,  1.004752,  0.000000,  -0.051575
3.594333  ,  2.541577,  2.541577,  0.785398,  2.632094,  2.449670,  0.865438,  1.000000,  0.000000,  0.000000,  1.004429,  0.000000,  -0.049959
3.644333  ,  2.576933,  2.576933,  0.785398,  2.664699,  2.487865,  0.862953,  1.000000,  0.000000,  0.000000,  1.004131,  0.000000,  -0.048372
3.694333  ,  2.612288,  2.612288,  0.785398,  2.697388,  2.525970,  0.860547,  1.000000,  0.000000,  0.000000,  1.003858,  0.000000,  -0.046821
3.744333  ,  2.647643,  2.647643,  0.785398,  2.730158,  2.563986,  0.858218,  1.000000,  0.000000,  0.000000,  1.003606,  0.000000,  -0.045310
3.794333  ,  2.682999,  2.682999,  0.785398,  2.763007,  2.601919,  0.855964,  1.000000,  0.000000,  0.000000,  1.003374,  0.000000,  -0.043845
3.844333  ,  2.718354,  2.718354,  0.785398,  2.795933,  2.639769,  0.853783,  1.000000,  0.000000,  0.000000,  1.003160,  0.000000,  -0.042426
3.894333  ,  2.753709,  2.753709,  0.785398,  2.828933,  2.677541,  0.851672,  1.000000,  0.000000,  0.000000,  1.002962,  0.000000,  -0.041055
3.944333  ,  2.789065,  2.789065,  0.785398,  2.862004,  2.715237,  0.849630,  1.000000,  0.000000,  0.000000,  1.002778,  0.000000,  -0.039732
3.994333  ,  2.824420,  2.824420,  0.785398,  2.895146,  2.752859,  0.847653,  1.000000,  0.000000,  0.000000,  1.002608,  0.000000,  -0.038457
4.044333  ,  2.859775,  2.859775,  0.785398,  2.928354,  2.790411,  0.845740,  1.000000,  0.000000,  0.000000,  1.002449,  0.000000,  -0.037229
4.094333  ,  2.895131,  2.895131,  0.785398,  2.961629,  2.827894,  0.843887,  1.000000,  0.000000,  0.000000,  1.002301,  0.000000,  -0.036045
4.144333  ,  2.930486,  2.930486,  0.785398,  2.994966,  2.865311,  0.842094,  1.000000,  0.000000,  0.000000,  1.002162,  0.000000,  -0.034906
4.194333  ,  2.965841,  2.965841,  0.785398,  3.028365,  2.902664,  0.840357,  1.000000,  0.000000,  0.000000,  1.002033,  0.000000,  -0.033807
4.244333  ,  3.001197,  3.001197,  0.785398,  3.061824,  2.939955,  0.838675,  1.000000,  0.000000,  0.000000,  1.001911,  0.000000,  -0.032748
4.294333  ,  3.036552,  3.036552,  0.785398,  3.095340,  2.977186,  0.837046,  1.000000,  0.000000,  0.000000,  1.001797,  0.000000,  -0.031726
4.344333  ,  3.071908,  3.071908,  0.785398,  3.128912,  3.014359,  0.835467,  1.000000,  0.000000,  0.000000,  1.001690,  0.000000,  -0.030740
4.394333  ,  3.107263,  3.107263,  0.785398,  3.162538,  3.051476,  0.833937,  1.000000,  0.000000,  0.000000,  1.001589,  0.000000,  -0.029788
4.444333  ,  3.142618,  3.142618,  0.785398,  3.196217,  3.088538,  0.832455,  1.000000,  0.000000,  0.000000,  1.001494,  0.000000,  -0.028868
4.494333  ,  3.177974,  3.177974,  0.785398,  3.229947,  3.125548,  0.831019,  1.000000,  0.000000,  0.000000,  1.001405,  0.000000,  -0.027978
4.544333  ,  3.213329,  3.213329,  0.785398,  3.263725,  3.162507,  0.829626,  1.000000,  0.000000,  0.000000,  1.001321,  0.000000,  -0.027117
4.594333  ,  3.248684,  3.248684,  0.785398,  3.297552,  3.199417,  0.828277,  1.000000,  0.000000,  0.000000,  1.001242,  0.000000,  -0.026284
4.644333  ,  3.284040,  3.284040,  0.785398,  3.331425,  3.236278,  0.826969,  1.000000,  0.000000,  0.000000,  1.001167,  0.000000,  -0.025477
4.694333  ,  3.319395,  3.319395,  0.785398,  3.365343,  3.273093,  0.825701,  1.000000,  0.000000,  0.000000,  1.001097,  0.000000,  -0.024696
4.744333  ,  3.354750,  3.354750,  0.785398,  3.399305,  3.309864,  0.824472,  1.000000,  0.000000,  0.000000,  1.001032,  0.000000,  -0.023939
4.794333  ,  3.390106,  3.390106,  0.785398,  3.433309,  3.346590,  0.823281,  1.000000,  0.000000,  0.000000,  1.000970,  0.000000,  -0.023206
4.844333  ,  3.425461,  3.425461,  0.785398,  3.467354,  3.383275,  0.822126,  1.000000,  0.000000,  0.000000,  1.000911,  0.000000,  -0.022496
4.894333  ,  3.460816,  3.460816,  0.785398,  3.501438,  3.419919,  0.821007,  1.000000,  0.000000,  0.000000,  1.000857,  0.000000,  -0.021807
4.944333  ,  3.496172,  3.496172,  0.785398,  3.535561,  3.456523,  0.819922,  1.000000,  0.000000,  0.000000,  1.000805,  0.000000,  -0.021140
4.994333  ,  3.531527,  3.531527,  0.785398,  3.569722,  3.493089,  0.818870,  1.000000,  0.000000,  0.000000,  1.000757,  0.000000,  -0.020493
5.044333  ,  3.566882,  3.566882,  0.785398,  3.603918,  3.529617,  0.817850,  1.000000,  0.000000,  0.000000,  1.000711,  0.000000,  -0.019867
5.094333  ,  3.602238,  3.602238,  0.785398,  3.638150,  3.566110,  0.816861,  1.000000,  0.000000,  0.000000,  1.000668,  0.000000,  -0.019259
5.144333  ,  3.637593,  3.637593,  0.785398,  3.672416,  3.602568,  0.815903,  1.000000,  0.000000,  0.000000,  1.000628,  0.000000,  -0.018670
5.194333  ,  3.672948,  3.672948,  0.785398,  3.706715,  3.638992,  0.814974,  1.000000,  0.000000,  0.000000,  1.000590,  0.000000,  -0.018100
5.244333  ,  3.708304,  3.708304,  0.785398,  3.741046,  3.675383,  0.814073,  1.000000,  0.000000,  0.000000,  1.000555,  0.000000,  -0.017546
5.294333  ,  3.743659,  3.743659,  0.785398,  3.775408,  3.711742,  0.813200,  1.000000,  0.000000,  0.000000,  1.000522,  0.000000,  -0.017010
5.344333  ,  3.779014,  3.779014,  0.785398,  3.809800,  3.748071,  0.812353,  1.000000,  0.000000,  0.000000,  1.000490,  0.000000,  -0.016491
5.394333  ,  3.814370,  3.814370,  0.785398,  3.844221,  3.784370,  0.811533,  1.000000,  0.000000,  0.000000,  1.000461,  0.000000,  -0.015987
5.444333  ,  3.849725,  3.849725,  0.785398,  3.878671,  3.820640,  0.810737,  1.000000,  0.000000,  0.000000,  1.000433,  0.000000,  -0.015499
5.494333  ,  3.885080,  3.885080,  0.785398,  3.913148,  3.856882,  0.809966,  1.000000,  0.000000,  0.000000,  1.000407,  0.000000,  -0.015026
5.544333  ,  3.920436,  3.920436,  0.785398,  3.947651,  3.893097,  0.809218,  1.000000,  0.000000,  0.000000,  1.000383,  0.000000,  -0.014567
5.594333  ,  3.955791,  3.955791,  0.785398,  3.982181,  3.929286,  0.808493,  1.000000,  0.000000,  0.000000,  1.000360,  0.000000,  -0.014123
5.644333  ,  3.991146,  3.991146,  0.785398,  4.016735,  3.965449,  0.807791,  1.000000,  0.000000,  0.000000,  1.000338,  0.000000,  -0.013692
5.694333  ,  4.026502,  4.026502,  0.785398,  4.051314,  4.001587,  0.807109,  1.000000,  0.000000,  0.000000,  1.000318,  0.000000,  -0.013274
5.744333  ,  4.061857,  4.061857,  0.785398,  4.085916,  4.037702,  0.806449,  1.000000,  0.000000,  0.000000,  1.000299,  0.000000,  -0.012870
5.794333  ,  4.097212,  4.097212,  0.785398,  4.120541,  4.073793,  0.805808,  1.000000,  0.000000,  0.000000,  1.000281,  0.000000,  -0.012477
5.844333  ,  4.132568,  4.132568,  0.785398,  4.155189,  4.109862,  0.805187,  1.000000,  0.000000,  0.000000,  1.000264,  0.000000,  -0.012097
5.894333  ,  4.167923,  4.167923,  0.785398,  4.189857,  4.145909,  0.804585,  1.000000,  0.000000,  0.000000,  1.000248,  0.000000,  -0.011728
5.944333  ,  4.203278,  4.203278,  0.785398,  4.224547,  4.181935,  0.804002,  1.000000,  0.000000,  0.000000,  1.000233,  0.000000,  -0.011371
5.994333  ,  4.238634,  4.238634,  0.785398,  4.259257,  4.217940,  0.803436,  1.000000,  0.000000,  0.000000,  1.000219,  0.000000,  -0.011025
6.044333  ,  4.273989,  4.273989,  0.785398,  4.293986,  4.253926,  0.802887,  1.000000,  0.000000,  0.000000,  1.000206,  0.000000,  -0.010689
6.094333  ,  4.309344,  4.309344,  0.785398,  4.328734,  4.289892,  0.802355,  1.000000,  0.000000,  0.000000,  1.000194,  0.000000,  -0.010363
6.144333  ,  4.344700,  4.344700,  0.785398,  4.363501,  4.325840,  0.801839,  1.000000,  0.000000,  0.000000,  1.000182,  0.000000,  -0.010048
6.194333  ,  4.380055,  4.380055,  0.785398,  4.398286,  4.361769,  0.801339,  1.000000,  0.000000,  0.000000,  1.000171,  0.000000,  -0.009742
6.244333  ,  4.415410,  4.415410,  0.785398,  4.433088,  4.397681,  0.800855,  1.000000,  0.000000,  0.000000,  1.000161,  0.000000,  -0.009445
6.294333  ,  4.450766,  4.450766,  0.785398,  4.467906,  4.433576,  0.800385,  1.000000,  0.000000,  0.000000,  1.000151,  0.000000,  -0.009158
6.344333  ,  4.486121,  4.486121,  0.785398,  4.502741,  4.469455,  0.799929,  1.000000,  0.000000,  0.000000,  1.000142,  0.000000,  -0.008879
6.394333  ,  4.521476,  4.521476,  0.785398,  4.537592,  4.505318,  0.799487,  1.000000,  0.000000,  0.000000,  1.000134,  0.000000,  -0.008609
6.444333  ,  4.556832,  4.556832,  0.785398,  4.572458,  4.541165,  0.799059,  1.000000,  0.000000,  0.000000,  1.000126,  0.000000,  -0.008347
6.494333  ,  4.592187,  4.592187,  0.785398,  4.607339,  4.576997,  0.798643,  1.000000,  0.000000,  0.000000,  1.000118,  0.000000,  -0.008093
6.544333  ,  4.627542,  4.627542,  0.785398,  4.642234,  4.612815,  0.798241,  1.000000,  0.000000,  0.000000,  1.000111,  0.000000,  -0.007846
6.594333  ,  4.662898,  4.662898,  0.785398,  4.677143,  4.648618,  0.797850,  1.000000,  0.000000,  0.000000,  1.000105,  0.000000,  -0.007608
6.644333  ,  4.698253,  4.698253,  0.785398,  4.712066,  4.684408,  0.797471,  1.000000,  0.000000,  0.000000,  1.000098,  0.000000,  -0.007376
6.694333  ,  4.733608,  4.733608,  0.785398,  4.747002,  4.720185,  0.797104,  1.000000,  0.000000,  0.000000,  1.000092,  0.000000,  -0.007152
6.744333  ,  4.768964,  4.768964,  0.785398,  4.781951,  4.755949,  0.796748,  1.000000,  0.000000,  0.000000,  1.000087,  0.000000,  -0.006934
6.794333  ,  4.804319,  4.804319,  0.785398,  4.816912,  4.791700,  0.796403,  1.000000,  0.000000,  0.000000,  1.000082,  0.000000,  -0.006723
6.844333  ,  4.839674,  4.839674,  0.785398,  4.851885,  4.827440,  0.796069,  1.000000,  0.000000,  0.000000,  1.000077,  0.000000,  -0.006519
6.894333  ,  4.875030,  4.875030,  0.785398,  4.886869,  4.863167,  0.795744,  1.000000,  0.000000,  0.000000,  1.000072,  0.000000,  -0.006321
6.944333  ,  4.910385,  4.910385,  0.785398,  4.921865,  4.898883,  0.795430,  1.000000,  0.000000,  0.000000,  1.000068,  0.000000,  -0.006128
6.994333  ,  4.945740,  4.945740,  0.785398,  4.956872,  4.934589,  0.795125,  1.000000,  0.000000,  0.000000,  1.000064,  0.000000,  -0.005942
7.044333  ,  4.981096,  4.981096,  0.785398,  4.991889,  4.970283,  0.794829,  1.000000,  0.000000,  0.000000,  1.000060,  0.000000,  -0.005761
7.094333  ,  5.016451,  5.016451,  0.785398,  5.026917,  5.005968,  0.794542,  1.000000,  0.000000,  0.000000,  1.000056,  0.000000,  -0.005586
7.144333  ,  5.051806,  5.051806,  0.785398,  5.061954,  5.041642,  0.794264,  1.000000,  0.000000,  0.000000,  1.000053,  0.000000,  -0.005416
7.194333  ,  5.087162,  5.087162,  0.785398,  5.097001,  5.077306,  0.793995,  1.000000,  0.000000,  0.000000,  1.000050,  0.000000,  -0.005251
7.244333  ,  5.122517,  5.122517,  0.785398,  5.132058,  5.112962,  0.793734,  1.000000,  0.000000,  0.000000,  1.000047,  0.000000,  -0.005092
7.294333  ,  5.157873,  5.157873,  0.785398,  5.167123,  5.148608,  0.793480,  1.000000,  0.000000,  0.000000,  1.000044,  0.000000,  -0.004937
7.344333  ,  5.193228,  5.193228,  0.785398,  5.202198,  5.184245,  0.793235,  1.000000,  0.000000,  0.000000,  1.000041,  0.000000,  -0.004787
7.394333  ,  5.228583,  5.228583,  0.785398,  5.237280,  5.219873,  0.792996,  1.000000,  0.000000,  0.000000,  1.000039,  0.000000,  -0.004641
7.444333  ,  5.263939,  5.263939,  0.785398,  5.272372,  5.255494,  0.792765,  1.000000,  0.000000,  0.000000,  1.000037,  0.000000,  -0.004500
7.494333  ,  5.299294,  5.299294,  0.785398,  5.307471,  5.291106,  0.792541,  1.000000,  0.000000,  0.000000,  1.000034,  0.000000,  -0.004363
7.544333  ,  5.334649,  5.334649,  0.785398,  5.342578,  5.326710,  0.792324,  1.000000,  0.000000,  0.000000,  1.000032,  0.000000,  -0.004231
7.594333  ,  5.370005,  5.370005,  0.785398,  5.377692,  5.362307,  0.792114,  1.000000,  0.000000,  0.000000,  1.000030,  0.000000,  -0.004102
7.644333  ,  5.405360,  5.405360,  0.785398,  5.412814,  5.397897,  0.791910,  1.000000,  0.000000,  0.000000,  1.000029,  0.000000,  -0.003977
7.694333  ,  5.440715,  5.440715,  0.785398,  5.447943,  5.433479,  0.791712,  1.000000,  0.000000,  0.000000,  1.000027,  0.000000,  -0.003856
7.744333  ,  5.476071,  5.476071,  0.785398,  5.483079,  5.469054,  0.791520,  1.000000,  0.000000,  0.000000,  1.000025,  0.000000,  -0.003739
7.794333  ,  5.511426,  5.511426,  0.785398,  5.518221,  5.504623,  0.791334,  1.000000,  0.000000,  0.000000,  1.000024,  0.000000,  -0.003625
7.844333  ,  5.546781,  5.546781,  0.785398,  5.553370,  5.540185,  0.791153,  1.000000,  0.000000,  0.000000,  1.000022,  0.000000,  -0.003515
7.894333  ,  5.582137,  5.582137,  0.785398,  5.588525,  5.575741,  0.790978,  1.000000,  0.000000,  0.000000,  1.000021,  0.000000,  -0.003408
7.944333  ,  5.617492,  5.617492,  0.785398,  5.623687,  5.611291,  0.790809,  1.000000,  0.000000,  0.000000,  1.000020,  0.000000,  -0.003305
7.994333  ,  5.652847,  5.652847,  0.785398,  5.658854,  5.646835,  0.790644,  1.000000,  0.000000,  0.000000,  1.000019,  0.000000,  -0.003204
8.044333  ,  5.688203,  5.688203,  0.785398,  5.694027,  5.682373,  0.790485,  1.000000,  0.000000,  0.000000,  1.000017,  0.000000,  -0.003107
8.094333  ,  5.723558,  5.723558,  0.785398,  5.729205,  5.717906,  0.790330,  1.000000,  0.000000,  0.000000,  1.000016,  0.000000,  -0.003012
8.144333  ,  5.758913,  5.758913,  0.785398,  5.764389,  5.753433,  0.790180,  1.000000,  0.000000,  0.000000,  1.000015,  0.000000,  -0.002921
8.194333  ,  5.794269,  5.794269,  0.785398,  5.799578,  5.788955,  0.790035,  1.000000,  0.000000,  0.000000,  1.000014,  0.000000,  -0.002832
8.244333  ,  5.829624,  5.829624,  0.785398,  5.834772,  5.824472,  0.789894,  1.000000,  0.000000,  0.000000,  1.000014,  0.000000,  -0.002746
8.294333  ,  5.864979,  5.864979,  0.785398,  5.869971,  5.859984,  0.789757,  1.000000,  0.000000,  0.000000,  1.000013,  0.000000,  -0.002663
8.344333  ,  5.900335,  5.900335,  0.785398,  5.905174,  5.895491,  0.789625,  1.000000,  0.000000,  0.000000,  1.000012,  0.000000,  -0.002582
8.394333  ,  5.935690,  5.935690,  0.785398,  5.940383,  5.930994,  0.789496,  1.000000,  0.000000,  0.000000,  1.000011,  0.000000,  -0.002503
8.444333  ,  5.971045,  5.971045,  0.785398,  5.975595,  5.966492,  0.789372,  1.000000,  0.000000,  0.000000,  1.000011,  0.000000,  -0.002427
8.494333  ,  6.006401,  6.006401,  0.785398,  6.010812,  6.001986,  0.789251,  1.000000,  0.000000,  0.000000,  1.000010,  0.000000,  -0.002353
8.544333  ,  6.041756,  6.041756,  0.785398,  6.046034,  6.037475,  0.789134,  1.000000,  0.000000,  0.000000,  1.000009,  0.000000,  -0.002282
8.594333  ,  6.077111,  6.077111,  0.785398,  6.081259,  6.072961,  0.789020,  1.000000,  0.000000,  0.000000,  1.000009,  0.000000,  -0.002212
8.644333  ,  6.112467,  6.112467,  0.785398,  6.116488,  6.108442,  0.788910,  1.000000,  0.000000,  0.000000,  1.000008,  0.000000,  -0.002145
8.694333  ,  6.147822,  6.147822,  0.785398,  6.151722,  6.143920,  0.788803,  1.000000,  0.000000,  0.000000,  1.000008,  0.000000,  -0.002080
8.744333  ,  6.183177,  6.183177,  0.785398,  6.186958,  6.179394,  0.788700,  1.000000,  0.000000,  0.000000,  1.000007,  0.000000,  -0.002017
8.794333  ,  6.218533,  6.218533,  0.785398,  6.222199,  6.214864,  0.788600,  1.000000,  0.000000,  0.000000,  1.000007,  0.000000,  -0.001955
8.844333  ,  6.253888,  6.253888,  0.785398,  6.257443,  6.250331,  0.788502,  1.000000,  0.000000,  0.000000,  1.000006,  0.000000,  -0.001896
8.894333  ,  6.289243,  6.289243,  0.785398,  6.292690,  6.285795,  0.788408,  1.000000,  0.000000,  0.000000,  1.000006,  0.000000,  -0.001838
8.944333  ,  6.324599,  6.324599,  0.785398,  6.327941,  6.321255,  0.788316,  1.000000,  0.000000,  0.000000,  1.000006,  0.000000,  -0.001782
8.994333  ,  6.359954,  6.359954,  0.785398,  6.363195,  6.356712,  0.788228,  1.000000,  0.000000,  0.000000,  1.000005,  0.000000,  -0.001728
9.044333  ,  6.395309,  6.395309,  0.785398,  6.398451,  6.392166,  0.788142,  1.000000,  0.000000,  0.000000,  1.000005,  0.000000,  -0.001676
9.094333  ,  6.430665,  6.430665,  0.785398,  6.433711,  6.427617,  0.788058,  1.000000,  0.000000,  0.000000,  1.000005,  0.000000,  -0.001625
9.144333  ,  6.466020,  6.466020,  0.785398,  6.468974,  6.463065,  0.787978,  1.000000,  0.000000,  0.000000,  1.000004,  0.000000,  -0.001575
9.194333  ,  6.501375,  6.501375,  0.785398,  6.504240,  6.498510,  0.787899,  1.000000,  0.000000,  0.000000,  1.000004,  0.000000,  -0.001528
9.244333  ,  6.536731,  6.536731,  0.785398,  6.539508,  6.533952,  0.787823,  1.000000,  0.000000,  0.000000,  1.000004,  0.000000,  -0.001481
9.294333  ,  6.572086,  6.572086,  0.785398,  6.574779,  6.569392,  0.787749,  1.000000,  0.000000,  0.000000,  1.000004,  0.000000,  -0.001436
9.344333  ,  6.607441,  6.607441,  0.785398,  6.610052,  6.604829,  0.787678,  1.000000,  0.000000,  0.000000,  1.000004,  0.000000,  -0.001392
9.394333  ,  6.642797,  6.642797,  0.785398,  6.645328,  6.640264,  0.787609,  1.000000,  0.000000,  0.000000,  1.000003,  0.000000,  -0.001350
9.444333  ,  6.678152,  6.678152,  0.785398,  6.680607,  6.675696,  0.787541,  1.000000,  0.000000,  0.000000,  1.000003,  0.000000,  -0.001309
9.494333  ,  6.713507,  6.713507,  0.785398,  6.715888,  6.711126,  0.787476,  1.000000,  0.000000,  0.000000,  1.000003,  0.000000,  -0.001269
9.544333  ,  6.748863,  6.748863,  0.785398,  6.751171,  6.746554,  0.787413,  1.000000,  0.000000,  0.000000,  1.000003,  0.000000,  -0.001231
9.594333  ,  6.784218,  6.784218,  0.785398,  6.786456,  6.781980,  0.787352,  1.000000,  0.000000,  0.000000,  1.000003,  0.000000,  -0.001193
9.644333  ,  6.819573,  6.819573,  0.785398,  6.821743,  6.817403,  0.787293,  1.000000,  0.000000,  0.000000,  1.000002,  0.000000,  -0.001157
9.694333  ,  6.854929,  6.854929,  0.785398,  6.857032,  6.852824,  0.787235,  1.000000,  0.000000,  0.000000,  1.000002,  0.000000,  -0.001122
9.744333  ,  6.890284,  6.890284,  0.785398,  6.892324,  6.888244,  0.787179,  1.000000,  0.000000,  0.000000,  1.000002,  0.000000,  -0.001088
9.794333  ,  6.925639,  6.925639,  0.785398,  6.927617,  6.923661,  0.787125,  1.000000,  0.000000,  0.000000,  1.000002,  0.000000,  -0.001055
9.844333  ,  6.960995,  6.960995,  0.785398,  6.962912,  6.959077,  0.787073,  1.000000,  0.000000,  0.000000,  1.000002,  0.000000,  -0.001023
9.894333  ,  6.996350,  6.996350,  0.785398,  6.998210,  6.994490,  0.787022,  1.000000,  0.000000,  0.000000,  1.000002,  0.000000,  -0.000992
9.944333  ,  7.031705,  7.031705,  0.785398,  7.033508,  7.029902,  0.786972,  1.000000,  0.000000,  0.000000,  1.000002,  0.000000,  -0.000961
9.994333  ,  7.067061,  7.067061,  0.785398,  7.068809,  7.065312,  0.786924,  1.000000,  0.000000,  0.000000,  1.000002,  0.000000,  -0.000932
10.044333  ,  7.102416,  7.102416,  0.785398,  7.104111,  7.100721,  0.786878,  1.000000,  0.000000,  0.000000,  1.000001,  0.000000,  -0.000904
10.094333  ,  7.137771,  7.137771,  0.785398,  7.139415,  7.136128,  0.786833,  1.000000,  0.000000,  0.000000,  1.000001,  0.000000,  -0.000876
10.144333  ,  7.173127,  7.173127,  0.785398,  7.174720,  7.171533,  0.786789,  1.000000,  0.000000,  0.000000,  1.000001,  0.000000,  -0.000850
10.194333  ,  7.208482,  7.208482,  0.785398,  7.210027,  7.206937,  0.786747,  1.000000,  0.000000,  0.000000,  1.000001,  0.000000,  -0.000824
10.244333  ,  7.243838,  7.243838,  0.785398,  7.245336,  7.242339,  0.786706,  1.000000,  0.000000,  0.000000,  1.000001,  0.000000,  -0.000799
10.294333  ,  7.279193,  7.279193,  0.785398,  7.280645,  7.277740,  0.786666,  1.000000,  0.000000,  0.000000,  1.000001,  0.000000,  -0.000775
10.344333  ,  7.314548,  7.314548,  0.785398,  7.315957,  7.313139,  0.786628,  1.000000,  0.000000,  0.000000,  1.000001,  0.000000,  -0.000751
10.394333  ,  7.349904,  7.349904,  0.785398,  7.351269,  7.348538,  0.786590,  1.000000,  0.000000,  0.000000,  1.000001,  0.000000,  -0.000728
10.444333  ,  7.385259,  7.385259,  0.785398,  7.386583,  7.383934,  0.786554,  1.000000,  0.000000,  0.000000,  1.000001,  0.000000,  -0.000706
10.494333  ,  7.420614,  7.420614,  0.785398,  7.421898,  7.419330,  0.786519,  1.000000,  0.000000,  0.000000,  1.000001,  0.000000,  -0.000685
10.544333  ,  7.455970,  7.455970,  0.785398,  7.457214,  7.454724,  0.786485,  1.000000,  0.000000,  0.000000,  1.000001,  0.000000,  -0.000664
10.594333  ,  7.491325,  7.491325,  0.785398,  7.492532,  7.490118,  0.786452,  1.000000,  0.000000,  0.000000,  1.000001,  0.000000,  -0.000644
10.644333  ,  7.526680,  7.526680,  0.785398,  7.527851,  7.525510,  0.786420,  1.000000,  0.000000,  0.000000,  1.000001,  0.000000,  -0.000624
10.694333  ,  7.562036,  7.562036,  0.785398,  7.563170,  7.560901,  0.786389,  1.000000,  0.000000,  0.000000,  1.000001,  0.000000,  -0.000605
10.744333  ,  7.597391,  7.597391,  0.785398,  7.598491,  7.596290,  0.786359,  1.000000,  0.000000,  0.000000,  1.000001,  0.000000,  -0.000587
10.794333  ,  7.632746,  7.632746,  0.785398,  7.633813,  7.631679,  0.786330,  1.000000,  0.000000,  0.000000,  1.000001,  0.000000,  -0.000569
10.844333  ,  7.668102,  7.668102,  0.785398,  7.669136,  7.667067,  0.786301,  1.000000,  0.000000,  0.000000,  1.000001,  0.000000,  -0.000552
10.894333  ,  7.703457,  7.703457,  0.785398,  7.704460,  7.702454,  0.786274,  1.000000,  0.000000,  0.000000,  1.000001,  0.000000,  -0.000535
10.944333  ,  7.738812,  7.738812,  0.785398,  7.739785,  7.737840,  0.786247,  1.000000,  0.000000,  0.000000,  1.000000,  0.000000,  -0.000519
10.994333  ,  7.774168,  7.774168,  0.785398,  7.775111,  7.773224,  0.786221,  1.000000,  0.000000,  0.000000,  1.000000,  0.000000,  -0.000503
11.044333  ,  7.809523,  7.809523,  0.785398,  7.810437,  7.808608,  0.786196,  1.000000,  0.000000,  0.000000,  1.000000,  0.000000,  -0.000488
11.094333  ,  7.844878,  7.844878,  0.785398,  7.845765,  7.843992,  0.786172,  1.000000,  0.000000,  0.000000,  1.000000,  0.000000,  -0.000473
11.144333  ,  7.880234,  7.880234,  0.785398,  7.881093,  7.879374,  0.786149,  1.000000,  0.000000,  0.000000,  1.000000,  0.000000,  -0.000458
11.194333  ,  7.915589,  7.915589,  0.785398,  7.916422,  7.914755,  0.786126,  1.000000,  0.000000,  0.000000,  1.000000,  0.000000,  -0.000444
11.244333  ,  7.950944,  7.950944,  0.785398,  7.951752,  7.950136,  0.786104,  1.000000,  0.000000,  0.000000,  1.000000,  0.000000,  -0.000431
11.294333  ,  7.986300,  7.986300,  0.785398,  7.987083,  7.985516,  0.786082,  1.000000,  0.000000,  0.000000,  1.000000,  0.000000,  -0.000418
11.344333  ,  8.021655,  8.021655,  0.785398,  8.022415,  8.020895,  0.786061,  1.000000,  0.000000,  0.000000,  1.000000,  0.000000,  -0.000405
11.394333  ,  8.057010,  8.057010,  0.785398,  8.057747,  8.056274,  0.786041,  1.000000,  0.000000,  0.000000,  1.000000,  0.000000,  -0.000393
11.444333  ,  8.092366,  8.092366,  0.785398,  8.093080,  8.091651,  0.786022,  1.000000,  0.000000,  0.000000,  1.000000,  0.000000,  -0.000381
11.494333  ,  8.127721,  8.127721,  0.785398,  8.128414,  8.127028,  0.786003,  1.000000,  0.000000,  0.000000,  1.000000,  0.000000,  -0.000369
11.544333  ,  8.163076,  8.163076,  0.785398,  8.163748,  8.162405,  0.785984,  1.000000,  0.000000,  0.000000,  1.000000,  0.000000,  -0.000358
11.594333  ,  8.198432,  8.198432,  0.785398,  8.199083,  8.197780,  0.785967,  1.000000,  0.000000,  0.000000,  1.000000,  0.000000,  -0.000347
11.644333  ,  8.233787,  8.233787,  0.785398,  8.234418,  8.233156,  0.785949,  1.000000,  0.000000,  0.000000,  1.000000,  0.000000,  -0.000337
11.694333  ,  8.269142,  8.269142,  0.785398,  8.269754,  8.268530,  0.785933,  1.000000,  0.000000,  0.000000,  1.000000,  0.000000,  -0.000326
11.744333  ,  8.304498,  8.304498,  0.785398,  8.305091,  8.303904,  0.785916,  1.000000,  0.000000,  0.000000,  1.000000,  0.000000,  -0.000316
11.794333  ,  8.339853,  8.339853,  0.785398,  8.340429,  8.339277,  0.785901,  1.000000,  0.000000,  0.000000,  1.000000,  0.000000,  -0.000307
11.844333  ,  8.375208,  8.375208,  0.785398,  8.375766,  8.374650,  0.785885,  1.000000,  0.000000,  0.000000,  1.000000,  0.000000,  -0.000298
11.894333  ,  8.410564,  8.410564,  0.785398,  8.411105,  8.410023,  0.785870,  1.000000,  0.000000,  0.000000,  1.000000,  0.000000,  -0.000288
11.944333  ,  8.445919,  8.445919,  0.785398,  8.446444,  8.445394,  0.785856,  1.000000,  0.000000,  0.000000,  1.000000,  0.000000,  -0.000280
11.994333  ,  8.481274,  8.481274,  0.785398,  8.481783,  8.480766,  0.785842,  1.000000,  0.000000,  0.000000,  1.000000,  0.000000,  -0.000271
12.044333  ,  8.516630,  8.516630,  0.785398,  8.517123,  8.516136,  0.785829,  1.000000,  0.000000,  0.000000,  1.000000,  0.000000,  -0.000263
12.094333  ,  8.551985,  8.551985,  0.785398,  8.552463,  8.551507,  0.785816,  1.000000,  0.000000,  0.000000,  1.000000,  0.000000,  -0.000255
12.144333  ,  8.587340,  8.587340,  0.785398,  8.587804,  8.586877,  0.785803,  1.000000,  0.000000,  0.000000,  1.000000,  0.000000,  -0.000247
12.194333  ,  8.622696,  8.622696,  0.785398,  8.623145,  8.622246,  0.785791,  1.000000,  0.000000,  0.000000,  1.000000,  0.000000,  -0.000240
12.244333  ,  8.658051,  8.658051,  0.785398,  8.658487,  8.657615,  0.785779,  1.000000,  0.000000,  0.000000,  1.000000,  0.000000,  -0.000232
12.294333  ,  8.693406,  8.693406,  0.785398,  8.693829,  8.692984,  0.785767,  1.000000,  0.000000,  0.000000,  1.000000,  0.000000,  -0.000225
12.344333  ,  8.728762,  8.728762,  0.785398,  8.729172,  8.728352,  0.785756,  1.000000,  0.000000,  0.000000,  1.000000,  0.000000,  -0.000219
12.394333  ,  8.764117,  8.764117,  0.785398,  8.764514,  8.763720,  0.785745,  1.000000,  0.000000,  0.000000,  1.000000,  0.000000,  -0.000212
12.444333  ,  8.799472,  8.799472,  0.785398,  8.799858,  8.799087,  0.785735,  1.000000,  0.000000,  0.000000,  1.000000,  0.000000,  -0.000205
12.494333  ,  8.834828,  8.834828,  0.785398,  8.835201,  8.834454,  0.785724,  1.000000,  0.000000,  0.000000,  1.000000,  0.000000,  -0.000199
12.544333  ,  8.870183,  8.870183,  0.785398,  8.870545,  8.869821,  0.785714,  1.000000,  0.000000,  0.000000,  1.000000,  0.000000,  -0.000193
12.594333  ,  8.905538,  8.905538,  0.785398,  8.905890,  8.905187,  0.785705,  1.000000,  0.000000,  0.000000,  1.000000,  0.000000,  -0.000187
12.644333  ,  8.940894,  8.940894,  0.785398,  8.941234,  8.940553,  0.785695,  1.000000,  0.000000,  0.000000,  1.000000,  0.000000,  -0.000182
12.694333  ,  8.976249,  8.976249,  0.785398,  8.976579,  8.975919,  0.785686,  1.000000,  0.000000,  0.000000,  1.000000,  0.000000,  -0.000176
12.744333  ,  9.011604,  9.011604,  0.785398,  9.011925,  9.011284,  0.785678,  1.000000,  0.000000,  0.000000,  1.000000,  0.000000,  -0.000171
12.794333  ,  9.046960,  9.046960,  0.785398,  9.047270,  9.046649,  0.785669,  1.000000,  0.000000,  0.000000,  1.000000,  0.000000,  -0.000166
12.844333  ,  9.082315,  9.082315,  0.785398,  9.082616,  9.082014,  0.785661,  1.000000,  0.000000,  0.000000,  1.000000,  0.000000,  -0.000160
12.894333  ,  9.117670,  9.117670,  0.785398,  9.117962,  9.117379,  0.785653,  1.000000,  0.000000,  0.000000,  1.000000,  0.000000,  -0.000156
12.944333  ,  9.153026,  9.153026,  0.785398,  9.153309,  9.152743,  0.785645,  1.000000,  0.000000,  0.000000,  1.000000,  0.000000,  -0.000151
12.994333  ,  9.188381,  9.188381,  0.785398,  9.188656,  9.188107,  0.785638,  1.000000,  0.000000,  0.000000,  1.000000,  0.000000,  -0.000146
13.044333  ,  9.223736,  9.223736,  0.785398,  9.224003,  9.223470,  0.785630,  1.000000,  0.000000,  0.000000,  1.000000,  0.000000,  -0.000142
13.094333  ,  9.259092,  9.259092,  0.785398,  9.259350,  9.258834,  0.785623,  1.000000,  0.000000,  0.000000,  1.000000,  0.000000,  -0.000138
13.144333  ,  9.294447,  9.294447,  0.785398,  9.294697,  9.294197,  0.785616,  1.000000,  0.000000,  0.000000,  1.000000,  0.000000,  -0.000133
13.194333  ,  9.329803,  9.329803,  0.785398,  9.330045,  9.329560,  0.785610,  1.000000,  0.000000,  0.000000,  1.000000,  0.000000,  -0.000129
13.244333  ,  9.365158,  9.365158,  0.785398,  9.365393,  9.364923,  0.785603,  1.000000,  0.000000,  0.000000,  1.000000,  0.000000,  -0.000125
13.294333  ,  9.400513,  9.400513,  0.785398,  9.400741,  9.400285,  0.785597,  1.000000,  0.000000,  0.000000,  1.000000,  0.000000,  -0.000122
13.344333  ,  9.435869,  9.435869,  0.785398,  9.436090,  9.435647,  0.785591,  1.000000,  0.000000,  0.000000,  1.000000,  0.000000,  -0.000118
13.394333  ,  9.471224,  9.471224,  0.785398,  9.471438,  9.471010,  0.785585,  1.000000,  0.000000,  0.000000,  1.000000,  0.000000,  -0.000114
13.444333  ,  9.506579,  9.506579,  0.785398,  9.506787,  9.506371,  0.785580,  1.000000,  0.000000,  0.000000,  1.000000,  0.000000,  -0.000111
13.494333  ,  9.541935,  9.541935,  0.785398,  9.542136,  9.541733,  0.785574,  1.000000,  0.000000,  0.000000,  1.000000,  0.000000,  -0.000107
13.544333  ,  9.577290,  9.577290,  0.785398,  9.577485,  9.577095,  0.785569,  1.000000,  0.000000,  0.000000,  1.000000,  0.000000,  -0.000104
13.594333  ,  9.612645,  9.612645,  0.785398,  9.612835,  9.612456,  0.785564,  1.000000,  0.000000,  0.000000,  1.000000,  0.000000,  -0.000101
13.644333  ,  9.648001,  9.648001,  0.785398,  9.648184,  9.647817,  0.785559,  1.000000,  0.000000,  0.000000,  1.000000,  0.000000,  -0.000098
13.694333  ,  9.683356,  9.683356,  0.785398,  9.683534,  9.683178,  0.785554,  1.000000,  0.000000,  0.000000,  1.000000,  0.000000,  -0.000095
13.744333  ,  9.718711,  9.718711,  0.785398,  9.718884,  9.718539,  0.785549,  1.000000,  0.000000,  0.000000,  1.000000,  0.000000,  -0.000092
13.794333  ,  9.754067,  9.754067,  0.785398,  9.754234,  9.753899,  0.785544,  1.000000,  0.000000,  0.000000,  1.000000,  0.000000,  -0.000089
13.844333  ,  9.789422,  9.789422,  0.785398,  9.789584,  9.789260,  0.785540,  1.000000,  0.000000,  0.000000,  1.000000,  0.000000,  -0.000087
13.894333  ,  9.824777,  9.824777,  0.785398,  9.824935,  9.824620,  0.785536,  1.000000,  0.000000,  0.000000,  1.000000,  0.000000,  -0.000084
13.944333  ,  9.860133,  9.860133,  0.785398,  9.860285,  9.859980,  0.785531,  1.000000,  0.000000,  0.000000,  1.000000,  0.000000,  -0.000081
13.994333  ,  9.895488,  9.895488,  0.785398,  9.895636,  9.895340,  0.785527,  1.000000,  0.000000,  0.000000,  1.000000,  0.000000,  -0.000079
14.044333  ,  9.930843,  9.930843,  0.785398,  9.930987,  9.930700,  0.785523,  1.000000,  0.000000,  0.000000,  1.000000,  0.000000,  -0.000077
14.094333  ,  9.966199,  9.966199,  0.785398,  9.966338,  9.966059,  0.785520,  1.000000,  0.000000,  0.000000,  1.000000,  0.000000,  -0.000074
14.144333  ,  10.001554,  10.001554,  0.785398,  10.001689,  10.001419,  0.785516,  1.000000,  0.000000,  0.000000,  1.000000,  0.000000,  -0.000072
14.194333  ,  10.036909,  10.036909,  0.785398,  10.037040,  10.036778,  0.785512,  1.000000,  0.000000,  0.000000,  1.000000,  0.000000,  -0.000070
14.244333  ,  10.072265,  10.072265,  0.785398,  10.072391,  10.072138,  0.785509,  1.000000,  0.000000,  0.000000,  1.000000,  0.000000,  -0.000068
14.294333  ,  10.107620,  10.107620,  0.785398,  10.107743,  10.107497,  0.785506,  1.000000,  0.000000,  0.000000,  1.000000,  0.000000,  -0.000066
14.344333  ,  10.142975,  10.142975,  0.785398,  10.143095,  10.142856,  0.785502,  1.000000,  0.000000,  0.000000,  1.000000,  0.000000,  -0.000064
14.394333  ,  10.178331,  10.178331,  0.785398,  10.178446,  10.178215,  0.785499,  1.000000,  0.000000,  0.000000,  1.000000,  0.000000,  -0.000062
14.444333  ,  10.213686,  10.213686,  0.785398,  10.213798,  10.213574,  0.785496,  1.000000,  0.000000,  0.000000,  1.000000,  0.000000,  -0.000060
14.494333  ,  10.249041,  10.249041,  0.785398,  10.249150,  10.248933,  0.785493,  1.000000,  0.000000,  0.000000,  1.000000,  0.000000,  -0.000058
14.544333  ,  10.284397,  10.284397,  0.785398,  10.284502,  10.284291,  0.785490,  1.000000,  0.000000,  0.000000,  1.000000,  0.000000,  -0.000056
14.594333  ,  10.319752,  10.319752,  0.785398,  10.319854,  10.319650,  0.785487,  1.000000,  0.000000,  0.000000,  1.000000,  0.000000,  -0.000054
14.644333  ,  10.355107,  10.355107,  0.785398,  10.355206,  10.355008,  0.785485,  1.000000,  0.000000,  0.000000,  1.000000,  0.000000,  -0.000053
14.694333  ,  10.390463,  10.390463,  0.785398,  10.390559,  10.390367,  0.785482,  1.000000,  0.000000,  0.000000,  1.000000,  0.000000,  -0.000051
14.744333  ,  10.425818,  10.425818,  0.785398,  10.425911,  10.425725,  0.785479,  1.000000,  0.000000,  0.000000,  1.000000,  0.000000,  -0.000050
14.794333  ,  10.461173,  10.461173,  0.785398,  10.461264,  10.461083,  0.785477,  1.000000,  0.000000,  0.000000,  1.000000,  0.000000,  -0.000048
14.844333  ,  10.496529,  10.496529,  0.785398,  10.496616,  10.496441,  0.785475,  1.000000,  0.000000,  0.000000,  1.000000,  0.000000,  -0.000047
14.894333  ,  10.531884,  10.531884,  0.785398,  10.531969,  10.531799,  0.785472,  1.000000,  0.000000,  0.000000,  1.000000,  0.000000,  -0.000045
14.944333  ,  10.567239,  10.567239,  0.785398,  10.567322,  10.567157,  0.785470,  1.000000,  0.000000,  0.000000,  1.000000,  0.000000,  -0.000044
14.994333  ,  10.602595,  10.602595,  0.785398,  10.602675,  10.602515,  0.785468,  1.000000,  0.000000,  0.000000,  1.000000,  0.000000,  -0.000043
15.000000  ,  10.606602,  10.606602,  0.785398,  10.606681,  10.606522,  0.785468,  1.000000,  0.000000,  0.000000,  1.000000,  0.000000,  -0.000042
